frame_no	rate
0	inf
1	10.9411
2	8.28895
3	7.37612
4	6.93169
5	6.66298
6	6.46684
7	6.34498
8	6.24678
9	6.16862
10	6.11091
11	6.04261
12	5.96669
13	5.88529
14	5.86232
15	5.84577
16	5.82901
17	5.8139
18	5.80179
19	5.78981
20	5.77567
21	5.77103
22	5.78199
23	5.81482
24	5.82955
25	5.83907
26	5.85238
27	5.84633
28	5.83778
29	5.82207
30	5.81586
31	5.80848
32	5.79954
33	5.79145
34	5.7819
35	5.7739
36	5.76828
37	5.76472
38	5.75956
39	5.75559
40	5.7517
41	5.74647
42	5.7429
43	5.73834
44	5.73455
45	5.73266
46	5.7298
47	5.7253
48	5.71358
49	5.71134
50	5.71791
51	5.71264
52	5.71006
53	5.7075
54	5.7054
55	5.71552
56	5.71344
57	5.71088
58	5.70752
59	5.70579
60	5.70388
61	5.70176
62	5.70024
63	5.70049
64	5.6989
65	5.69767
66	5.69578
67	5.6944
68	5.69303
69	5.68961
70	5.68806
71	5.68696
72	5.68604
73	5.68483
74	5.68352
75	5.68195
76	5.68008
77	5.67716
78	5.67596
79	5.67501
80	5.67345
81	5.67191
82	5.67093
83	5.67002
84	5.66925
85	5.66827
86	5.66705
87	5.66948
88	5.66889
89	5.68117
90	5.68734
91	5.68641
92	5.68528
93	5.68386
94	5.68352
95	5.68277
96	5.68038
97	5.69248
98	5.70264
99	5.71206
100	5.66614
101	5.68026
102	5.69206
103	5.70523
104	5.71634
105	5.72738
106	5.74258
107	5.75698
108	5.77065
109	5.78604
110	5.78581
111	5.78795
112	5.79248
113	5.7997
114	5.79982
115	5.7979
116	5.79682
117	5.79905
118	5.79951
119	5.79983
120	5.81233
121	5.81641
122	5.81132
123	5.80153
124	5.79459
125	5.78973
126	5.78243
127	5.78052
128	5.7791
129	5.77868
130	5.777
131	5.77629
132	5.77693
133	5.7763
134	5.7772
135	5.77753
136	5.77656
137	5.77569
138	5.77544
139	5.77482
140	5.7746
141	5.77488
142	5.77392
143	5.7739
144	5.7728
145	5.77175
146	5.77121
147	5.77073
148	5.77457
149	5.7738
150	5.76983
151	5.77024
152	5.77145
153	5.77114
154	5.76887
155	5.76145
156	5.75955
157	5.75798
158	5.75896
159	5.75784
160	5.75502
161	5.75428
162	5.75221
163	5.74932
164	5.74772
165	5.74607
166	5.74552
167	5.74452
168	5.7427
169	5.74351
170	5.74504
171	5.74434
172	5.74557
173	5.74456
174	5.74418
175	5.74283
176	5.74246
177	5.74259
178	5.74298
179	5.74216
180	5.74154
181	5.75321
182	5.75707
183	5.75579
184	5.75523
185	5.75641
186	5.75677
187	5.75401
188	5.75345
189	5.74106
190	5.73423
191	5.73327
192	5.73337
193	5.74428
194	5.75065
195	5.75942
196	5.77267
197	5.76918
198	5.77214
199	5.76846
200	5.75618
201	5.74289
202	5.73002
203	5.71952
204	5.71026
205	5.69869
206	5.68354
207	5.66925
208	5.65506
209	5.63933
210	5.64086
211	5.6439
212	5.64411
213	5.64291
214	5.6579
215	5.67538
216	5.68908
217	5.70072
218	5.70827
219	5.71071
220	5.69903
221	5.69484
222	5.69448
223	5.69433
224	5.69515
225	5.69491
226	5.69592
227	5.69675
228	5.69764
229	5.70002
230	5.70199
231	5.70366
232	5.70452
233	5.71225
234	5.71347
235	5.71551
236	5.7168
237	5.71746
238	5.72007
239	5.72068
240	5.72157
241	5.72023
242	5.7219
243	5.72416
244	5.72623
245	5.72809
246	5.72853
247	5.73126
248	5.73172
249	5.73418
250	5.73455
251	5.7411
252	5.74588
253	5.76284
254	5.77438
255	5.78557
256	5.79903
257	5.81354
258	5.82478
259	5.82934
260	5.83382
261	5.83752
262	5.85712
263	5.87733
264	5.89752
265	5.91045
266	5.92774
267	5.94013
268	5.95229
269	5.96263
270	5.9709
271	5.98368
272	5.99185
273	5.997
274	6.0001
275	6.005
276	6.01256
277	6.01697
278	6.01958
279	6.02386
280	6.02861
281	6.02033
282	6.02927
283	6.05046
284	6.0542
285	6.05649
286	6.06054
287	6.06531
288	6.07
289	6.07403
290	6.0791
291	6.08416
292	6.08856
293	6.08032
294	6.07749
295	6.07731
296	6.08199
297	6.08234
298	6.088
299	6.09571
300	6.10393
301	6.12431
302	6.14651
303	6.16627
304	6.18671
305	6.206
306	6.22198
307	6.2295
308	6.23765
309	6.24653
310	6.25204
311	6.26236
312	6.27693
313	6.29197
314	6.28082
315	6.28243
316	6.29052
317	6.28802
318	6.28459
319	6.29003
320	6.29988
321	6.31969
322	6.34192
323	6.36375
324	6.38858
325	6.41233
326	6.43675
327	6.46031
328	6.47669
329	6.49676
330	6.52003
331	6.5437
332	6.56702
333	6.58302
334	6.60623
335	6.63032
336	6.64761
337	6.66835
338	6.68752
339	6.7112
340	6.73374
341	6.74452
342	6.75128
343	6.75551
344	6.76148
345	6.76672
346	6.773
347	6.77735
348	6.78534
349	6.79027
350	6.79488
351	6.79424
352	6.79399
353	6.77772
354	6.77093
355	6.76352
356	6.75478
357	6.74431
358	6.73499
359	6.73766
360	6.7461
361	6.74962
362	6.73341
363	6.71574
364	6.69897
365	6.70655
366	6.69744
367	6.69343
368	6.68678
369	6.68139
370	6.6806
371	6.68732
372	6.68956
373	6.6931
374	6.69683
375	6.69891
376	6.69768
377	6.69922
378	6.71714
379	6.72608
380	6.72826
381	6.72936
382	6.71909
383	6.70821
384	6.71935
385	6.72281
386	6.72537
387	6.72645
388	6.7263
389	6.72938
390	6.73022
391	6.73125
392	6.73283
393	6.73658
394	6.75262
395	6.76323
396	6.76422
397	6.77282
398	6.75793
399	6.7444
400	6.74139
401	6.72406
402	6.70566
403	6.68797
404	6.68719
405	6.68968
406	6.69532
407	6.70375
408	6.70267
409	6.70138
410	6.70116
411	6.69658
412	6.68521
413	6.67716
414	6.67588
415	6.67188
416	6.6561
417	6.64627
418	6.64791
419	6.6441
420	6.64052
421	6.62502
422	6.60973
423	6.59286
424	6.57146
425	6.55266
426	6.5344
427	6.52989
428	6.53314
429	6.53819
430	6.53852
431	6.53693
432	6.52799
433	6.5129
434	6.51008
435	6.50403
436	6.50589
437	6.50347
438	6.50657
439	6.50793
440	6.50839
441	6.52415
442	6.53886
443	6.54582
444	6.54919
445	6.54805
446	6.55729
447	6.57575
448	6.58752
449	6.58713
450	6.59582
451	6.59595
452	6.59515
453	6.59586
454	6.597
455	6.60974
456	6.61887
457	6.62868
458	6.63043
459	6.63024
460	6.62577
461	6.62623
462	6.6274
463	6.62794
464	6.6281
465	6.62138
466	6.61911
467	6.61563
468	6.62881
469	6.64142
470	6.64812
471	6.6371
472	6.62989
473	6.628
474	6.62695
475	6.64136
476	6.6486
477	6.65004
478	6.63603
479	6.63005
480	6.62709
481	6.63741
482	6.64871
483	6.65243
484	6.6609
485	6.6776
486	6.68611
487	6.68507
488	6.70071
489	6.70641
490	6.70631
491	6.70821
492	6.70766
493	6.70593
494	6.69121
495	6.68928
496	6.69217
497	6.68861
498	6.68908
499	6.69034
500	6.6907
501	6.69054
502	6.69197
503	6.70177
504	6.68506
505	6.66665
506	6.6506
507	6.6419
508	6.65447
509	6.66752
510	6.67988
511	6.68144
512	6.68362
513	6.68179
514	6.68263
515	6.66464
516	6.66127
517	6.66319
518	6.66625
519	6.67072
520	6.67457
521	6.67424
522	6.67399
523	6.67387
524	6.68272
525	6.68422
526	6.68529
527	6.6718
528	6.65883
529	6.63846
530	6.61982
531	6.60198
532	6.59329
533	6.59136
534	6.5783
535	6.56569
536	6.55385
537	6.5428
538	6.52489
539	6.50764
540	6.49031
541	6.47925
542	6.47255
543	6.47442
544	6.47634
545	6.47662
546	6.47013
547	6.45376
548	6.45679
549	6.47199
550	6.47641
551	6.49134
552	6.50865
553	6.51758
554	6.5194
555	6.511
556	6.5175
557	6.5158
558	6.516
559	6.52174
560	6.53292
561	6.53861
562	6.54854
563	6.56088
564	6.56625
565	6.57089
566	6.57753
567	6.57605
568	6.56397
569	6.56722
570	6.56604
571	6.56387
572	6.56397
573	6.56417
574	6.5636
575	6.55043
576	6.54443
577	6.55286
578	6.55985
579	6.56626
580	6.58636
581	6.59186
582	6.5905
583	6.58079
584	6.56415
585	6.5458
586	6.53671
587	6.53706
588	6.52483
589	6.51865
590	6.51767
591	6.51731
592	6.521
593	6.5304
594	6.53034
595	6.52409
596	6.50902
597	6.4982
598	6.49344
599	6.49187
600	6.49211
601	6.49314
602	6.49212
603	6.48103
604	6.4794
605	6.48151
606	6.48192
607	6.48017
608	6.48187
609	6.47581
610	6.46417
611	6.45883
612	6.45766
613	6.45788
614	6.45732
615	6.46237
616	6.46182
617	6.46861
618	6.4665
619	6.46388
620	6.46079
621	6.46153
622	6.461
623	6.45979
624	6.45237
625	6.45355
626	6.45257
627	6.45236
628	6.4521
629	6.46593
630	6.47169
631	6.4713
632	6.4713
633	6.47106
634	6.46943
635	6.46927
636	6.46919
637	6.47006
638	6.46872
639	6.48181
640	6.48664
641	6.4798
642	6.46987
643	6.46042
644	6.45496
645	6.45525
646	6.45334
647	6.4525
648	6.438
649	6.42346
650	6.41102
651	6.39634
652	6.37968
653	6.3786
654	6.38673
655	6.38793
656	6.37877
657	6.37538
658	6.37401
659	6.36837
660	6.35845
661	6.35807
662	6.3525
663	6.34223
664	6.33627
665	6.32547
666	6.32279
667	6.34157
668	6.3562
669	6.35023
670	6.34144
671	6.34075
672	6.34553
673	6.34572
674	6.34843
675	6.36026
676	6.37261
677	6.37878
678	6.38483
679	6.39504
680	6.38965
681	6.38526
682	6.39273
683	6.4037
684	6.40621
685	6.40776
686	6.4074
687	6.40684
688	6.4053
689	6.41804
690	6.42925
691	6.43861
692	6.43974
693	6.43167
694	6.43407
695	6.42906
696	6.42645
697	6.42622
698	6.42459
699	6.42554
700	6.42451
701	6.42269
702	6.42231
703	6.43266
704	6.4482
705	6.4645
706	6.47853
707	6.49234
708	6.49238
709	6.49018
710	6.48931
711	6.50374
712	6.51061
713	6.51212
714	6.51198
715	6.51107
716	6.51117
717	6.51879
718	6.53138
719	6.54486
720	6.55488
721	6.55969
722	6.56001
723	6.57261
724	6.58632
725	6.59254
726	6.60275
727	6.6098
728	6.62157
729	6.61521
730	6.6175
731	6.62716
732	6.63773
733	6.63909
734	6.65263
735	6.67104
736	6.68251
737	6.68563
738	6.69522
739	6.69847
740	6.70269
741	6.71174
742	6.73061
743	6.74548
744	6.75348
745	6.76363
746	6.78028
747	6.7985
748	6.81577
749	6.8298
750	6.84474
751	6.86517
752	6.8792
753	6.88312
754	6.88174
755	6.89459
756	6.90602
757	6.91598
758	6.92552
759	6.94097
760	6.95301
761	6.95877
762	6.9715
763	6.98426
764	6.99797
765	7.01286
766	7.02033
767	7.01259
768	7.0054
769	7.00844
770	7.01373
771	7.03069
772	7.03914
773	7.0417
774	7.04795
775	7.05138
776	7.05616
777	7.05461
778	7.04592
779	7.03856
780	7.03881
781	7.04341
782	7.03337
783	7.03265
784	7.04451
785	7.05431
786	7.06955
787	7.06958
788	7.06953
789	7.05331
790	7.04196
791	7.03138
792	7.0413
793	7.04782
794	7.04463
795	7.04314
796	7.04285
797	7.04346
798	7.04479
799	7.04519
800	7.04286
801	7.04234
802	7.04188
803	7.02993
804	7.01142
805	6.98903
806	6.9712
807	6.96507
808	6.95869
809	6.96404
810	6.96311
811	6.94656
812	6.94023
813	6.94112
814	6.9506
815	6.966
816	6.9712
817	6.96056
818	6.94473
819	6.92854
820	6.92208
821	6.92387
822	6.93233
823	6.92748
824	6.91199
825	6.90128
826	6.89437
827	6.88743
828	6.87489
829	6.86665
830	6.85712
831	6.84718
832	6.83539
833	6.83935
834	6.84308
835	6.83578
836	6.82888
837	6.82475
838	6.81717
839	6.79915
840	6.79007
841	6.7815
842	6.76444
843	6.74975
844	6.74455
845	6.74263
846	6.7416
847	6.7421
848	6.74108
849	6.74514
850	6.74071
851	6.72143
852	6.70759
853	6.69452
854	6.69853
855	6.692
856	6.67486
857	6.66133
858	6.65161
859	6.63687
860	6.6249
861	6.61198
862	6.60791
863	6.59976
864	6.5878
865	6.57346
866	6.56048
867	6.54747
868	6.54137
869	6.52793
870	6.52171
871	6.50758
872	6.49506
873	6.49184
874	6.48519
875	6.46993
876	6.45132
877	6.43866
878	6.42973
879	6.41935
880	6.41777
881	6.41845
882	6.42689
883	6.43211
884	6.43061
885	6.42301
886	6.40928
887	6.42768
888	6.44681
889	6.46059
890	6.46597
891	6.46549
892	6.4595
893	6.45309
894	6.45408
895	6.45485
896	6.47103
897	6.47953
898	6.49113
899	6.50081
900	6.5048
901	6.50649
902	6.50614
903	6.50498
904	6.50457
905	6.50554
906	6.50658
907	6.4989
908	6.49325
909	6.4914
910	6.49883
911	6.50955
912	6.52439
913	6.53092
914	6.52436
915	6.50999
916	6.50405
917	6.50445
918	6.51321
919	6.53032
920	6.53553
921	6.52855
922	6.53733
923	6.54297
924	6.5487
925	6.55752
926	6.55849
927	6.5537
928	6.55221
929	6.55249
930	6.55091
931	6.55005
932	6.5491
933	6.54203
934	6.52488
935	6.51351
936	6.50805
937	6.5065
938	6.5062
939	6.50596
940	6.50703
941	6.50716
942	6.50503
943	6.50512
944	6.50261
945	6.49481
946	6.48067
947	6.46251
948	6.44764
949	6.43003
950	6.42039
951	6.42007
952	6.42069
953	6.4196
954	6.41136
955	6.40059
956	6.39972
957	6.39952
958	6.40049
959	6.40054
960	6.39848
961	6.3996
962	6.38649
963	6.38092
964	6.3795
965	6.38416
966	6.38439
967	6.38459
968	6.38138
969	6.38254
970	6.3839
971	6.38321
972	6.38369
973	6.38422
974	6.38394
975	6.38405
976	6.38403
977	6.38357
978	6.38658
979	6.38665
980	6.37639
981	6.36247
982	6.34574
983	6.32912
984	6.31949
985	6.31699
986	6.31992
987	6.30245
988	6.29627
989	6.28842
990	6.28192
991	6.28023
992	6.27355
993	6.2725
994	6.27139
995	6.27352
996	6.27294
997	6.27402
998	6.26333
999	6.25513
1000	6.25387
1001	6.25299
1002	6.2546
1003	6.25539
1004	6.25444
1005	6.25463
1006	6.25425
1007	6.25329
1008	6.25108
1009	6.24213
1010	6.23606
1011	6.22402
1012	6.21017
1013	6.20208
1014	6.19962
1015	6.20013
1016	6.20946
1017	6.20488
1018	6.198
1019	6.18578
1020	6.18081
1021	6.18727
1022	6.17414
1023	6.17351
1024	6.17614
1025	6.16906
1026	6.16617
1027	6.17622
1028	6.18612
1029	6.18791
1030	6.19958
1031	6.20516
1032	6.20624
1033	6.21507
1034	6.21971
1035	6.22257
1036	6.23235
1037	6.23458
1038	6.23346
1039	6.23471
1040	6.24072
1041	6.24059
1042	6.24125
1043	6.24192
1044	6.24209
1045	6.24335
1046	6.24284
1047	6.24236
1048	6.2425
1049	6.24362
1050	6.24531
1051	6.24681
1052	6.24678
1053	6.24788
1054	6.24361
1055	6.24362
1056	6.24439
1057	6.24416
1058	6.24273
1059	6.24222
1060	6.24397
1061	6.25479
1062	6.25882
1063	6.2595
1064	6.26229
1065	6.25663
1066	6.25707
1067	6.26929
1068	6.28129
1069	6.29864
1070	6.3153
1071	6.31327
1072	6.32338
1073	6.3263
1074	6.32595
1075	6.32465
1076	6.32503
1077	6.33973
1078	6.35001
1079	6.35224
1080	6.35225
1081	6.361
1082	6.37163
1083	6.38478
1084	6.39907
1085	6.41698
1086	6.43239
1087	6.44929
1088	6.44778
1089	6.45681
1090	6.47289
1091	6.48786
1092	6.50277
1093	6.52115
1094	6.53095
1095	6.53088
1096	6.52744
1097	6.52252
1098	6.53739
1099	6.54401
1100	6.54288
1101	6.54295
1102	6.54251
1103	6.55852
1104	6.57278
1105	6.58681
1106	6.60012
1107	6.60936
1108	6.6093
1109	6.61383
1110	6.6184
1111	6.63429
1112	6.64443
1113	6.65033
1114	6.66756
1115	6.68109
1116	6.67899
1117	6.69536
1118	6.71265
1119	6.71942
1120	6.71824
1121	6.71684
1122	6.72676
1123	6.72492
1124	6.73262
1125	6.73394
1126	6.74109
1127	6.74915
1128	6.74805
1129	6.75103
1130	6.75398
1131	6.76191
1132	6.77472
1133	6.77064
1134	6.77057
1135	6.7768
1136	6.77256
1137	6.77808
1138	6.78544
1139	6.7966
1140	6.79827
1141	6.81402
1142	6.82269
1143	6.82266
1144	6.82814
1145	6.83609
1146	6.84205
1147	6.84732
1148	6.8636
1149	6.8739
1150	6.87718
1151	6.89155
1152	6.90004
1153	6.90359
1154	6.91046
1155	6.92817
1156	6.93573
1157	6.93655
1158	6.93866
1159	6.93973
1160	6.94219
1161	6.928
1162	6.92413
1163	6.92363
1164	6.91996
1165	6.92012
1166	6.91794
1167	6.90498
1168	6.89294
1169	6.87188
1170	6.85261
1171	6.85334
1172	6.84099
1173	6.83819
1174	6.84596
1175	6.84725
1176	6.84779
1177	6.83077
1178	6.81959
1179	6.81714
1180	6.81679
1181	6.80726
1182	6.79618
1183	6.78204
1184	6.76522
1185	6.74684
1186	6.72833
1187	6.71148
1188	6.69804
1189	6.68322
1190	6.66653
1191	6.65157
1192	6.6491
1193	6.63532
1194	6.62565
1195	6.62248
1196	6.61002
1197	6.60409
1198	6.58918
1199	6.58203
1200	6.5831
1201	6.5829
1202	6.58152
1203	6.56362
1204	6.55012
1205	6.53606
1206	6.52401
1207	6.51587
1208	6.51563
1209	6.51463
1210	6.50881
1211	6.49651
1212	6.48657
1213	6.48157
1214	6.46493
1215	6.45389
1216	6.44641
1217	6.42996
1218	6.41142
1219	6.41055
1220	6.41272
1221	6.42033
1222	6.41946
1223	6.42066
1224	6.40666
1225	6.40767
1226	6.39891
1227	6.38459
1228	6.37602
1229	6.37029
1230	6.35636
1231	6.34457
1232	6.33774
1233	6.34605
1234	6.35362
1235	6.35701
1236	6.36267
1237	6.36451
1238	6.35932
1239	6.35297
1240	6.35533
1241	6.35915
1242	6.36474
1243	6.37346
1244	6.38179
1245	6.38262
1246	6.38883
1247	6.40075
1248	6.40293
1249	6.41014
1250	6.41668
1251	6.40946
1252	6.40809
1253	6.41677
1254	6.42572
1255	6.41936
1256	6.42706
1257	6.44378
1258	6.46183
1259	6.47999
1260	6.4978
1261	6.51731
1262	6.53653
1263	6.5468
1264	6.56456
1265	6.57979
1266	6.59684
1267	6.60699
1268	6.60756
1269	6.60959
1270	6.61892
1271	6.63011
1272	6.64047
1273	6.65688
1274	6.66156
1275	6.67216
1276	6.68077
1277	6.6978
1278	6.71054
1279	6.72413
1280	6.74001
1281	6.7566
1282	6.77549
1283	6.79622
1284	6.81649
1285	6.83579
1286	6.84636
1287	6.85812
1288	6.86974
1289	6.88267
1290	6.90423
1291	6.91771
1292	6.91866
1293	6.93146
1294	6.95132
1295	6.9696
1296	6.98787
1297	7.00074
1298	7.00594
1299	7.02093
1300	7.02208
1301	7.02322
1302	7.02424
1303	7.03665
1304	7.04552
1305	7.06816
1306	7.08751
1307	7.10377
1308	7.12298
1309	7.14171
1310	7.15597
1311	7.16226
1312	7.16377
1313	7.16615
1314	7.17623
1315	7.19443
1316	7.20987
1317	7.22075
1318	7.22954
1319	7.2305
1320	7.24155
1321	7.24347
1322	7.24949
1323	7.2491
1324	7.26996
1325	7.28608
1326	7.30493
1327	7.31211
1328	7.3349
1329	7.35213
1330	7.36171
1331	7.36214
1332	7.35618
1333	7.35029
1334	7.3568
1335	7.35314
1336	7.34376
1337	7.35317
1338	7.36828
1339	7.38086
1340	7.38587
1341	7.37855
1342	7.38161
1343	7.38568
1344	7.36703
1345	7.35624
1346	7.34749
1347	7.32655
1348	7.30615
1349	7.29704
1350	7.30386
1351	7.31798
1352	7.32252
1353	7.31193
1354	7.31422
1355	7.31389
1356	7.29523
1357	7.27244
1358	7.24876
1359	7.22617
1360	7.20192
1361	7.17448
1362	7.14984
1363	7.14011
1364	7.12083
1365	7.10347
1366	7.08518
1367	7.0725
1368	7.06887
1369	7.0673
1370	7.05617
1371	7.04309
1372	7.02985
1373	7.01138
1374	6.99854
1375	6.98716
1376	6.97746
1377	6.95786
1378	6.94316
1379	6.92788
1380	6.91298
1381	6.89696
1382	6.87674
1383	6.85654
1384	6.83597
1385	6.81568
1386	6.80558
1387	6.79103
1388	6.78169
1389	6.77161
1390	6.7571
1391	6.75576
1392	6.75078
1393	6.74883
1394	6.74229
1395	6.74075
1396	6.74034
1397	6.74635
1398	6.75597
1399	6.76062
1400	6.76982
1401	6.77988
1402	6.79409
1403	6.7998
1404	6.80516
1405	6.79698
1406	6.79679
1407	6.80016
1408	6.79623
1409	6.79138
1410	6.78808
1411	6.79563
1412	6.80765
1413	6.81518
1414	6.8131
1415	6.79882
1416	6.78571
1417	6.77582
1418	6.76687
1419	6.76318
1420	6.74757
1421	6.72998
1422	6.7137
1423	6.70243
1424	6.68428
1425	6.68255
1426	6.67286
1427	6.66678
1428	6.64655
1429	6.6334
1430	6.62661
1431	6.6262
1432	6.62479
1433	6.61736
1434	6.59783
1435	6.58859
1436	6.58368
1437	6.56709
1438	6.55525
1439	6.54102
1440	6.52556
1441	6.51353
1442	6.4949
1443	6.49348
1444	6.49689
1445	6.4967
1446	6.49174
1447	6.4906
1448	6.49008
1449	6.48056
1450	6.46485
1451	6.4477
1452	6.45014
1453	6.46092
1454	6.45251
1455	6.44379
1456	6.44473
1457	6.44425
1458	6.44355
1459	6.44325
1460	6.44427
1461	6.4474
1462	6.44908
1463	6.44732
1464	6.44749
1465	6.44782
1466	6.44705
1467	6.44818
1468	6.44902
1469	6.44994
1470	6.4499
1471	6.45117
1472	6.45392
1473	6.45414
1474	6.455
1475	6.45368
1476	6.4635
1477	6.47245
1478	6.47991
1479	6.49298
1480	6.50486
1481	6.50649
1482	6.51882
1483	6.52855
1484	6.54181
1485	6.54733
1486	6.55435
1487	6.57103
1488	6.58794
1489	6.59423
1490	6.58927
1491	6.57861
1492	6.57018
1493	6.55524
1494	6.54293
1495	6.52805
1496	6.51157
1497	6.49568
1498	6.48163
1499	6.46263
1500	6.46144
1501	6.46197
1502	6.46299
1503	6.45628
1504	6.44504
1505	6.43459
1506	6.41823
1507	6.40164
1508	6.39677
1509	6.3865
1510	6.39067
1511	6.39087
1512	6.3882
1513	6.38939
1514	6.3967
1515	6.4001
1516	6.4094
1517	6.41484
1518	6.41751
1519	6.42247
1520	6.43642
1521	6.44556
1522	6.44711
1523	6.45104
1524	6.4677
1525	6.46217
1526	6.46926
1527	6.48415
1528	6.50155
1529	6.51343
1530	6.52486
1531	6.54399
1532	6.5614
1533	6.57584
1534	6.59389
1535	6.61189
1536	6.62948
1537	6.63858
1538	6.63889
1539	6.63884
1540	6.63899
1541	6.63737
1542	6.64707
1543	6.63723
1544	6.63355
1545	6.64076
1546	6.65156
1547	6.65881
1548	6.65925
1549	6.66393
1550	6.67988
1551	6.68812
1552	6.68002
1553	6.6701
1554	6.67436
1555	6.68659
1556	6.69733
1557	6.71537
1558	6.73286
1559	6.74685
1560	6.76155
1561	6.77841
1562	6.78662
1563	6.79692
1564	6.80911
1565	6.82099
1566	6.83866
1567	6.84749
1568	6.85665
1569	6.86716
1570	6.87496
1571	6.87462
1572	6.8719
1573	6.87086
1574	6.87097
1575	6.87176
1576	6.85944
1577	6.85049
1578	6.84166
1579	6.82781
1580	6.81474
1581	6.81106
1582	6.79837
1583	6.78754
1584	6.77189
1585	6.77858
1586	6.78717
1587	6.77902
1588	6.76012
1589	6.74928
1590	6.7478
1591	6.74659
1592	6.76529
1593	6.78576
1594	6.80396
1595	6.81291
1596	6.81245
1597	6.81134
1598	6.81251
1599	6.82832
1600	6.83177
1601	6.84109
1602	6.8452
1603	6.85788
1604	6.8665
1605	6.87886
1606	6.89406
1607	6.90006
1608	6.90781
1609	6.92548
1610	6.93124
1611	6.92721
1612	6.92651
1613	6.91441
1614	6.90009
1615	6.89459
1616	6.88271
1617	6.87732
1618	6.87513
1619	6.86384
1620	6.84844
1621	6.84921
1622	6.84956
1623	6.84593
1624	6.82857
1625	6.81906
1626	6.80528
1627	6.78973
1628	6.77148
1629	6.75916
1630	6.74709
1631	6.72749
1632	6.71024
1633	6.6945
1634	6.6778
1635	6.65898
1636	6.64188
1637	6.6336
1638	6.63292
1639	6.63259
1640	6.63345
1641	6.6342
1642	6.62748
1643	6.62571
1644	6.62687
1645	6.62157
1646	6.61041
1647	6.6069
1648	6.60342
1649	6.59917
1650	6.58408
1651	6.57496
1652	6.57366
1653	6.56708
1654	6.55211
1655	6.55298
1656	6.54567
1657	6.5294
1658	6.51158
1659	6.50448
1660	6.48994
1661	6.47559
1662	6.46736
1663	6.45845
1664	6.44708
1665	6.4382
1666	6.42241
1667	6.41648
1668	6.40701
1669	6.39783
1670	6.39097
1671	6.39199
1672	6.39289
1673	6.39276
1674	6.39066
1675	6.39106
1676	6.39468
1677	6.39418
1678	6.39538
1679	6.40116
1680	6.41285
1681	6.42152
1682	6.43052
1683	6.43065
1684	6.43085
1685	6.41843
1686	6.40297
1687	6.3959
1688	6.39615
1689	6.39753
1690	6.39834
1691	6.39998
1692	6.38293
1693	6.36556
1694	6.34881
1695	6.33877
1696	6.34238
1697	6.34005
1698	6.34971
1699	6.34702
1700	6.34745
1701	6.33948
1702	6.32508
1703	6.31235
1704	6.30616
1705	6.29624
1706	6.28366
1707	6.27808
1708	6.26859
1709	6.25952
1710	6.24649
1711	6.24173
1712	6.23496
1713	6.23646
1714	6.24184
1715	6.25549
1716	6.26453
1717	6.26427
1718	6.26361
1719	6.26208
1720	6.26065
1721	6.2523
1722	6.2522
1723	6.25135
1724	6.25007
1725	6.26412
1726	6.27113
1727	6.27
1728	6.27023
1729	6.27026
1730	6.26966
1731	6.28025
1732	6.28453
1733	6.28319
1734	6.2842
1735	6.28904
1736	6.29083
1737	6.29073
1738	6.29176
1739	6.29693
1740	6.29703
1741	6.29871
1742	6.29854
1743	6.31007
1744	6.32113
1745	6.32056
1746	6.32112
1747	6.32074
1748	6.32253
1749	6.32135
1750	6.32168
1751	6.31949
1752	6.3159
1753	6.32085
1754	6.32494
1755	6.31468
1756	6.32033
1757	6.33093
1758	6.33292
1759	6.32774
1760	6.33154
1761	6.33187
1762	6.33291
1763	6.33294
1764	6.3332
1765	6.33095
1766	6.33112
1767	6.32945
1768	6.34376
1769	6.35712
1770	6.37112
1771	6.37653
1772	6.37743
1773	6.37672
1774	6.38275
1775	6.38282
1776	6.37968
1777	6.38036
1778	6.37849
1779	6.37266
1780	6.36371
1781	6.35817
1782	6.35181
1783	6.35489
1784	6.36548
1785	6.38398
1786	6.3933
1787	6.39446
1788	6.39522
1789	6.40454
1790	6.40579
1791	6.4055
1792	6.41949
1793	6.42389
1794	6.42525
1795	6.43472
1796	6.4398
1797	6.44602
1798	6.43596
1799	6.42652
1800	6.41571
1801	6.40738
1802	6.40501
1803	6.39924
1804	6.40273
1805	6.4009
1806	6.40294
1807	6.40294
1808	6.39956
1809	6.39379
1810	6.39135
1811	6.38738
1812	6.38408
1813	6.38294
1814	6.37682
1815	6.36102
1816	6.35282
1817	6.35178
1818	6.35514
1819	6.35655
1820	6.35636
1821	6.35583
1822	6.35334
1823	6.35259
1824	6.35635
1825	6.35952
1826	6.36082
1827	6.3726
1828	6.38881
1829	6.40626
1830	6.41431
1831	6.40159
1832	6.39782
1833	6.40686
1834	6.41658
1835	6.41108
1836	6.40878
1837	6.40942
1838	6.40794
1839	6.40175
1840	6.40087
1841	6.39973
1842	6.40126
1843	6.38871
1844	6.37779
1845	6.37556
1846	6.37576
1847	6.37524
1848	6.37645
1849	6.3784
1850	6.37651
1851	6.37817
1852	6.37791
1853	6.37517
1854	6.36977
1855	6.36683
1856	6.35764
1857	6.34685
1858	6.34696
1859	6.34667
1860	6.34439
1861	6.34403
1862	6.34467
1863	6.3444
1864	6.34491
1865	6.34581
1866	6.34648
1867	6.34431
1868	6.33021
1869	6.32727
1870	6.32563
1871	6.33299
1872	6.34015
1873	6.34047
1874	6.33627
1875	6.34598
1876	6.34666
1877	6.34987
1878	6.35342
1879	6.35562
1880	6.35223
1881	6.34677
1882	6.34377
1883	6.34374
1884	6.33447
1885	6.31797
1886	6.30897
1887	6.30853
1888	6.30844
1889	6.29921
1890	6.29636
1891	6.29825
1892	6.28475
1893	6.28334
1894	6.29347
1895	6.28745
1896	6.28062
1897	6.27708
1898	6.2752
1899	6.27542
1900	6.27662
1901	6.27404
1902	6.27354
1903	6.27485
1904	6.28253
1905	6.29449
1906	6.30377
1907	6.31604
1908	6.33159
1909	6.34384
1910	6.35389
1911	6.37004
1912	6.38008
1913	6.38087
1914	6.38185
1915	6.38221
1916	6.38127
1917	6.38656
1918	6.39535
1919	6.41185
1920	6.42912
1921	6.44699
1922	6.45818
1923	6.47125
1924	6.48267
1925	6.47985
1926	6.48656
1927	6.4912
1928	6.49006
1929	6.48077
1930	6.47364
1931	6.47663
1932	6.49114
1933	6.4929
1934	6.4926
1935	6.51146
1936	6.52169
1937	6.52277
1938	6.52171
1939	6.52249
1940	6.528
1941	6.53536
1942	6.54381
1943	6.55823
1944	6.56519
1945	6.5804
1946	6.59322
1947	6.60192
1948	6.60652
1949	6.62252
1950	6.63263
1951	6.64211
1952	6.65265
1953	6.66155
1954	6.67701
1955	6.69579
1956	6.71067
1957	6.72209
1958	6.73437
1959	6.74571
1960	6.74573
1961	6.74473
1962	6.75103
1963	6.76934
1964	6.78182
1965	6.80206
1966	6.81145
1967	6.81101
1968	6.80927
1969	6.7976
1970	6.78411
1971	6.76827
1972	6.75728
1973	6.75766
1974	6.75771
1975	6.74683
1976	6.74491
1977	6.74095
1978	6.73669
1979	6.7344
1980	6.73208
1981	6.73425
1982	6.73356
1983	6.72987
1984	6.72873
1985	6.72903
1986	6.7299
1987	6.72926
1988	6.72881
1989	6.72633
1990	6.73883
1991	6.73732
1992	6.74908
1993	6.751
1994	6.73861
1995	6.73747
1996	6.7369
1997	6.73782
1998	6.74028
1999	6.73995
2000	6.73659
2001	6.73724
2002	6.73748
2003	6.73603
2004	6.72162
2005	6.70923
2006	6.69552
2007	6.68257
2008	6.66327
2009	6.64835
2010	6.63762
2011	6.62224
2012	6.61343
2013	6.61323
2014	6.61319
2015	6.61305
2016	6.61607
2017	6.61068
2018	6.59848
2019	6.58008
2020	6.56483
2021	6.54609
2022	6.5355
2023	6.52307
2024	6.50822
2025	6.49966
2026	6.48532
2027	6.48122
2028	6.47078
2029	6.46195
2030	6.46616
2031	6.4654
2032	6.45089
2033	6.4407
2034	6.43158
2035	6.41391
2036	6.40282
2037	6.40024
2038	6.401
2039	6.4008
2040	6.39487
2041	6.38655
2042	6.37705
2043	6.36468
2044	6.35679
2045	6.34302
2046	6.3301
2047	6.32438
2048	6.32054
2049	6.31033
2050	6.31745
2051	6.32713
2052	6.33589
2053	6.3433
2054	6.34945
2055	6.33672
2056	6.34052
2057	6.34578
2058	6.35296
2059	6.36053
2060	6.37653
2061	6.38576
2062	6.39558
2063	6.3891
2064	6.39503
2065	6.39325
2066	6.40263
2067	6.42075
2068	6.44092
2069	6.45033
2070	6.46378
2071	6.48012
2072	6.49897
2073	6.51833
2074	6.53627
2075	6.54473
2076	6.5594
2077	6.56786
2078	6.57781
2079	6.59547
2080	6.6077
2081	6.6259
2082	6.63907
2083	6.65831
2084	6.67217
2085	6.68734
2086	6.70462
2087	6.72082
2088	6.74156
2089	6.76237
2090	6.76181
2091	6.77727
2092	6.77622
2093	6.78611
2094	6.80429
2095	6.82332
2096	6.84354
2097	6.85875
2098	6.87614
2099	6.89161
2100	6.89516
2101	6.90354
2102	6.92144
2103	6.93486
2104	6.94037
2105	6.9487
2106	6.96656
2107	6.98288
2108	7.002
2109	7.01731
2110	7.02883
2111	7.04545
2112	7.06065
2113	7.07156
2114	7.08463
2115	7.09981
2116	7.11391
2117	7.12361
2118	7.14102
2119	7.14704
2120	7.14485
2121	7.16079
2122	7.17125
2123	7.18158
2124	7.18895
2125	7.19432
2126	7.20795
2127	7.20811
2128	7.20456
2129	7.20835
2130	7.201
2131	7.1996
2132	7.20653
2133	7.20853
2134	7.20534
2135	7.21185
2136	7.21677
2137	7.2157
2138	7.21681
2139	7.21513
2140	7.23209
2141	7.25053
2142	7.26799
2143	7.27816
2144	7.29498
2145	7.30479
2146	7.31641
2147	7.32182
2148	7.33682
2149	7.33963
2150	7.3417
2151	7.34061
2152	7.33594
2153	7.33015
2154	7.32412
2155	7.33673
2156	7.32043
2157	7.29881
2158	7.28967
2159	7.28748
2160	7.28799
2161	7.28774
2162	7.28739
2163	7.29597
2164	7.29659
2165	7.29934
2166	7.29478
2167	7.27481
2168	7.25124
2169	7.23709
2170	7.21895
2171	7.20473
2172	7.18588
2173	7.16226
2174	7.13902
2175	7.12925
2176	7.11308
2177	7.10379
2178	7.09373
2179	7.07225
2180	7.05984
2181	7.0391
2182	7.03626
2183	7.01728
2184	7.0025
2185	6.98611
2186	6.96642
2187	6.95749
2188	6.94479
2189	6.92564
2190	6.91584
2191	6.90992
2192	6.89839
2193	6.89886
2194	6.89575
2195	6.88379
2196	6.86269
2197	6.84797
2198	6.84374
2199	6.83456
2200	6.84403
2201	6.84933
2202	6.8462
2203	6.84732
2204	6.8529
2205	6.85548
2206	6.84755
2207	6.83962
2208	6.83015
2209	6.82461
2210	6.82408
2211	6.82315
2212	6.82353
2213	6.82658
2214	6.8282
2215	6.81899
2216	6.8045
2217	6.79611
2218	6.77931
2219	6.77385
2220	6.7739
2221	6.76979
2222	6.76729
2223	6.77071
2224	6.77507
2225	6.77385
2226	6.76072
2227	6.74998
2228	6.74858
2229	6.74595
2230	6.74746
2231	6.7473
2232	6.7398
2233	6.74991
2234	6.75703
2235	6.74958
2236	6.74527
2237	6.74682
2238	6.74681
2239	6.74864
2240	6.73199
2241	6.71722
2242	6.70394
2243	6.69438
2244	6.68175
2245	6.67325
2246	6.66358
2247	6.65576
2248	6.64147
2249	6.62998
2250	6.61501
2251	6.60907
2252	6.59553
2253	6.58386
2254	6.57083
2255	6.56101
2256	6.5571
2257	6.55819
2258	6.55379
2259	6.5363
2260	6.51941
2261	6.51158
2262	6.49877
2263	6.48133
2264	6.46531
2265	6.44651
2266	6.43011
2267	6.4295
2268	6.42954
2269	6.42944
2270	6.42977
2271	6.42439
2272	6.4236
2273	6.42357
2274	6.42502
2275	6.42407
2276	6.42456
2277	6.42486
2278	6.42542
2279	6.43792
2280	6.4408
2281	6.4429
2282	6.43418
2283	6.43142
2284	6.43194
2285	6.43218
2286	6.43395
2287	6.42652
2288	6.41846
2289	6.43239
2290	6.43831
2291	6.42795
2292	6.43984
2293	6.43084
2294	6.41773
2295	6.41078
2296	6.4107
2297	6.40932
2298	6.39729
2299	6.39269
2300	6.3952
2301	6.39103
2302	6.3916
2303	6.38442
2304	6.37363
2305	6.37657
2306	6.37387
2307	6.36774
2308	6.3615
2309	6.352
2310	6.34313
2311	6.33924
2312	6.33675
2313	6.33425
2314	6.33126
2315	6.33444
2316	6.34441
2317	6.35365
2318	6.36992
2319	6.38136
2320	6.39382
2321	6.3849
2322	6.38972
2323	6.38097
2324	6.37104
2325	6.362
2326	6.36168
2327	6.35927
2328	6.35887
2329	6.35751
2330	6.35706
2331	6.35758
2332	6.35789
2333	6.34634
2334	6.34357
2335	6.34676
2336	6.34906
2337	6.34846
2338	6.34787
2339	6.35038
2340	6.35908
2341	6.35835
2342	6.35656
2343	6.35706
2344	6.35688
2345	6.35759
2346	6.35892
2347	6.35871
2348	6.35954
2349	6.36242
2350	6.35922
2351	6.34796
2352	6.34669
2353	6.3453
2354	6.34375
2355	6.34565
2356	6.34481
2357	6.34546
2358	6.33816
2359	6.33821
2360	6.3367
2361	6.33624
2362	6.33258
2363	6.33289
2364	6.33431
2365	6.33379
2366	6.33472
2367	6.33292
2368	6.33472
2369	6.33302
2370	6.33269
2371	6.33373
2372	6.33264
2373	6.33249
2374	6.33219
2375	6.33307
2376	6.33132
2377	6.33121
2378	6.32941
2379	6.31764
2380	6.328
2381	6.33949
2382	6.34311
2383	6.34268
2384	6.34157
2385	6.34177
2386	6.34101
2387	6.34149
2388	6.34208
2389	6.3342
2390	6.32812
2391	6.33082
2392	6.3194
2393	6.31433
2394	6.3153
2395	6.31602
2396	6.31676
2397	6.31704
2398	6.31665
2399	6.31589
2400	6.30086
2401	6.29436
2402	6.28154
2403	6.27621
2404	6.27797
2405	6.26611
2406	6.2621
2407	6.26149
2408	6.2697
2409	6.27464
2410	6.28755
2411	6.29051
2412	6.29437
2413	6.29928
2414	6.30749
2415	6.31452
2416	6.31846
2417	6.32239
2418	6.32072
2419	6.31423
2420	6.30199
2421	6.30239
2422	6.29173
2423	6.28889
2424	6.28853
2425	6.28857
2426	6.28849
2427	6.28799
2428	6.28833
2429	6.29097
2430	6.28992
2431	6.28938
2432	6.29075
2433	6.29605
2434	6.29358
2435	6.29151
2436	6.29031
2437	6.29575
2438	6.29605
2439	6.29764
2440	6.29224
2441	6.2933
2442	6.29396
2443	6.29619
2444	6.29521
2445	6.29558
2446	6.29514
2447	6.29494
2448	6.29545
2449	6.29555
2450	6.30721
2451	6.30902
2452	6.30826
2453	6.30879
2454	6.30993
2455	6.30516
2456	6.30575
2457	6.3052
2458	6.3053
2459	6.30618
2460	6.30685
2461	6.30742
2462	6.30503
2463	6.30506
2464	6.3008
2465	6.30101
2466	6.30189
2467	6.30253
2468	6.30036
2469	6.30141
2470	6.30131
2471	6.30026
2472	6.29909
2473	6.30047
2474	6.30162
2475	6.30132
2476	6.30281
2477	6.30094
2478	6.30126
2479	6.30107
2480	6.28889
2481	6.27521
2482	6.27059
2483	6.28393
2484	6.28814
2485	6.28859
2486	6.28886
2487	6.30194
2488	6.30235
2489	6.29657
2490	6.29658
2491	6.29495
2492	6.29503
2493	6.29616
2494	6.29529
2495	6.30323
2496	6.30403
2497	6.31673
2498	6.31868
2499	6.31811
2500	6.31956
2501	6.31828
2502	6.32041
2503	6.32046
2504	6.31776
2505	6.31745
2506	6.31663
2507	6.31643
2508	6.30807
2509	6.3052
2510	6.29162
2511	6.27697
2512	6.26216
2513	6.24941
2514	6.23264
2515	6.21943
2516	6.20204
2517	6.18919
2518	6.17989
2519	6.18081
2520	6.18852
2521	6.19641
2522	6.19906
2523	6.20154
2524	6.20124
2525	6.20264
2526	6.20378
2527	6.2046
2528	6.20423
2529	6.20518
2530	6.20573
2531	6.20586
2532	6.20511
2533	6.20105
2534	6.20092
2535	6.20026
2536	6.19976
2537	6.19494
2538	6.19501
2539	6.19108
2540	6.1917
2541	6.19045
2542	6.19183
2543	6.19002
2544	6.18988
2545	6.19236
2546	6.19221
2547	6.20484
2548	6.20914
2549	6.20866
2550	6.19757
2551	6.19577
2552	6.196
2553	6.19685
2554	6.19659
2555	6.1966
2556	6.19632
2557	6.19491
2558	6.19497
2559	6.19468
2560	6.19326
2561	6.1925
2562	6.19397
2563	6.19414
2564	6.19453
2565	6.19422
2566	6.19411
2567	6.1937
2568	6.19391
2569	6.19437
2570	6.19572
2571	6.19653
2572	6.19687
2573	6.19681
2574	6.1957
2575	6.19412
2576	6.19547
2577	6.19694
2578	6.19742
2579	6.19806
2580	6.19749
2581	6.19894
2582	6.1994
2583	6.18682
2584	6.18118
2585	6.18054
2586	6.17956
2587	6.166
2588	6.16546
2589	6.16573
2590	6.16407
2591	6.16386
2592	6.16324
2593	6.16361
2594	6.16344
2595	6.15509
2596	6.15287
2597	6.1408
2598	6.13894
2599	6.13869
2600	6.14003
2601	6.14011
2602	6.14781
2603	6.14917
2604	6.15094
2605	6.15076
2606	6.14948
2607	6.16094
2608	6.16654
2609	6.16569
2610	6.16636
2611	6.16709
2612	6.16714
2613	6.16572
2614	6.16481
2615	6.16309
2616	6.16698
2617	6.1679
2618	6.17022
2619	6.16465
2620	6.15759
2621	6.14903
2622	6.1452
2623	6.1424
2624	6.14216
2625	6.14163
2626	6.1406
2627	6.14006
2628	6.13921
2629	6.13573
2630	6.13598
2631	6.13636
2632	6.13654
2633	6.13942
2634	6.14175
2635	6.14447
2636	6.14822
2637	6.15943
2638	6.17258
2639	6.18937
2640	6.19575
2641	6.19743
2642	6.19605
2643	6.19253
2644	6.19683
2645	6.20188
2646	6.20662
2647	6.20261
2648	6.20908
2649	6.21822
2650	6.21727
2651	6.22218
2652	6.23372
2653	6.24913
2654	6.26438
2655	6.28083
2656	6.29468
2657	6.30895
2658	6.3208
2659	6.33387
2660	6.34347
2661	6.34361
2662	6.34218
2663	6.34042
2664	6.34075
2665	6.34134
2666	6.34188
2667	6.34272
2668	6.34123
2669	6.3416
2670	6.34092
2671	6.33987
2672	6.33993
2673	6.33857
2674	6.338
2675	6.33741
2676	6.33594
2677	6.33434
2678	6.34188
2679	6.34354
2680	6.34439
2681	6.34333
2682	6.34308
2683	6.34339
2684	6.34821
2685	6.34672
2686	6.364
2687	6.38125
2688	6.39686
2689	6.41481
2690	6.43402
2691	6.45155
2692	6.47126
2693	6.47856
2694	6.48522
2695	6.48806
2696	6.49358
2697	6.49835
2698	6.51083
2699	6.52006
2700	6.53212
2701	6.53866
2702	6.53921
2703	6.54885
2704	6.55858
2705	6.5729
2706	6.58258
2707	6.56987
2708	6.57772
2709	6.59538
2710	6.60538
2711	6.62373
2712	6.64376
2713	6.66373
2714	6.68225
2715	6.70073
2716	6.71089
2717	6.72862
2718	6.73626
2719	6.75028
2720	6.75368
2721	6.77027
2722	6.78261
2723	6.78572
2724	6.79291
2725	6.79694
2726	6.81058
2727	6.82295
2728	6.82635
2729	6.84224
2730	6.85433
2731	6.86788
2732	6.8776
2733	6.88789
2734	6.8985
2735	6.91577
2736	6.92701
2737	6.92728
2738	6.92629
2739	6.92494
2740	6.9269
2741	6.94197
2742	6.9633
2743	6.98756
2744	6.99533
2745	7.00424
2746	7.01127
2747	7.01968
2748	7.02455
2749	7.02476
2750	7.02964
2751	7.0228
2752	7.01406
2753	6.9932
2754	6.97896
2755	6.9612
2756	6.94878
2757	6.93392
2758	6.91927
2759	6.90428
2760	6.90021
2761	6.9127
2762	6.92012
2763	6.93574
2764	6.95301
2765	6.97282
2766	6.99217
2767	7.01416
2768	7.02777
2769	7.04753
2770	7.06733
2771	7.07825
2772	7.07872
2773	7.08584
2774	7.0958
2775	7.1036
2776	7.12145
2777	7.1418
2778	7.1515
2779	7.16613
2780	7.18546
2781	7.19718
2782	7.2179
2783	7.23301
2784	7.24303
2785	7.26426
2786	7.25986
2787	7.24853
2788	7.24872
2789	7.24324
2790	7.2348
2791	7.22126
2792	7.2201
2793	7.22456
2794	7.23786
2795	7.24561
2796	7.2623
2797	7.27601
2798	7.28422
2799	7.29698
2800	7.30066
2801	7.30837
2802	7.30028
2803	7.29221
2804	7.29567
2805	7.30195
2806	7.31269
2807	7.33622
2808	7.3364
2809	7.33014
2810	7.33496
2811	7.33607
2812	7.33302
2813	7.32067
2814	7.3185
2815	7.31298
2816	7.30528
2817	7.30699
2818	7.30368
2819	7.30974
2820	7.32735
2821	7.32626
2822	7.33642
2823	7.3553
2824	7.37079
2825	7.38844
2826	7.39181
2827	7.39384
2828	7.41077
2829	7.40804
2830	7.40459
2831	7.40421
2832	7.40291
2833	7.39686
2834	7.39785
2835	7.38914
2836	7.38861
2837	7.38288
2838	7.36955
2839	7.34619
2840	7.34437
2841	7.34178
2842	7.3221
2843	7.30011
2844	7.28725
2845	7.27662
2846	7.27768
2847	7.27591
2848	7.26417
2849	7.26838
2850	7.26953
2851	7.27281
2852	7.28175
2853	7.28741
2854	7.29353
2855	7.31189
2856	7.32248
2857	7.33485
2858	7.3563
2859	7.37015
2860	7.36811
2861	7.35598
2862	7.37099
2863	7.36718
2864	7.36695
2865	7.35482
2866	7.35381
2867	7.34192
2868	7.34477
2869	7.3329
2870	7.32469
2871	7.33192
2872	7.34787
2873	7.35796
2874	7.36674
2875	7.38557
2876	7.38815
2877	7.38184
2878	7.38121
2879	7.37174
2880	7.36222
2881	7.37428
2882	7.36726
2883	7.35957
2884	7.34345
2885	7.32321
2886	7.32009
2887	7.32681
2888	7.32871
2889	7.32344
2890	7.33045
2891	7.34501
2892	7.34612
2893	7.34582
2894	7.34772
2895	7.3506
2896	7.35103
2897	7.34471
2898	7.34376
2899	7.33304
2900	7.33297
2901	7.33093
2902	7.3316
2903	7.34137
2904	7.33081
2905	7.32961
2906	7.33023
2907	7.33001
2908	7.32644
2909	7.32177
2910	7.31583
2911	7.29513
2912	7.27898
2913	7.26716
2914	7.2486
2915	7.23403
2916	7.22829
2917	7.20569
2918	7.19251
2919	7.17021
2920	7.16487
2921	7.15652
2922	7.13565
2923	7.1155
2924	7.09389
2925	7.08567
2926	7.08114
2927	7.08092
2928	7.07085
2929	7.05807
2930	7.0482
2931	7.03429
2932	7.0262
2933	7.02574
2934	7.01293
2935	7.00481
2936	6.99484
2937	6.98832
2938	6.9845
2939	6.98524
2940	6.97552
2941	6.96102
2942	6.96479
2943	6.97784
2944	6.99823
2945	7.00858
2946	7.01554
2947	7.00932
2948	7.00194
2949	6.98646
2950	6.98206
2951	6.97836
2952	6.96374
2953	6.95855
2954	6.96079
2955	6.95466
2956	6.95302
2957	6.95514
2958	6.94974
2959	6.93692
2960	6.9337
2961	6.93213
2962	6.91354
2963	6.9075
2964	6.89042
2965	6.89075
2966	6.87313
2967	6.86073
2968	6.85889
