frame_no	rate
0	inf
1	14.6622
2	9.58755
3	8.14981
4	7.47058
5	6.97509
6	6.72903
7	6.54045
8	6.41492
9	6.34021
10	6.36839
11	6.44158
12	6.46097
13	6.48498
14	6.53404
15	6.57985
16	6.59043
17	6.60324
18	6.60842
19	6.62268
20	6.65231
21	6.67684
22	6.66909
23	6.67056
24	6.68758
25	6.6931
26	6.711
27	6.73133
28	6.72911
29	6.7119
30	6.69999
31	6.72622
32	6.71592
33	6.6831
34	6.65077
35	6.64561
36	6.61196
37	6.58042
38	6.54994
39	6.52237
40	6.49593
41	6.47148
42	6.44774
43	6.44079
44	6.43647
45	6.43439
46	6.43781
47	6.43136
48	6.42804
49	6.43193
50	6.42767
51	6.42194
52	6.40115
53	6.38308
54	6.36588
55	6.35025
56	6.3369
57	6.34349
58	6.36045
59	6.36144
60	6.37546
61	6.38483
62	6.38757
63	6.37977
64	6.36529
65	6.35078
66	6.33687
67	6.3243
68	6.33015
69	6.32848
70	6.3165
71	6.302
72	6.28879
73	6.29724
74	6.30143
75	6.29309
76	6.28356
77	6.27217
78	6.25851
79	6.24764
80	6.23631
81	6.22304
82	6.21295
83	6.20155
84	6.19418
85	6.18589
86	6.17852
87	6.16898
88	6.15935
89	6.1518
90	6.14436
91	6.1384
92	6.13102
93	6.12494
94	6.13629
95	6.14006
96	6.13967
97	6.14054
98	6.13652
99	6.13288
100	6.07528
101	6.07569
102	6.08357
103	6.08573
104	6.08558
105	6.08968
106	6.10514
107	6.1207
108	6.13734
109	6.15372
110	6.16058
111	6.16056
112	6.16549
113	6.16148
114	6.16057
115	6.16074
116	6.16445
117	6.1599
118	6.15938
119	6.15513
120	6.15655
121	6.15755
122	6.16374
123	6.16738
124	6.16758
125	6.16606
126	6.16749
127	6.16596
128	6.16331
129	6.15791
130	6.14802
131	6.12891
132	6.12337
133	6.12877
134	6.12814
135	6.11555
136	6.11568
137	6.11373
138	6.11253
139	6.11285
140	6.11059
141	6.12727
142	6.13495
143	6.14334
144	6.15219
145	6.15489
146	6.15928
147	6.16865
148	6.17741
149	6.18412
150	6.19467
151	6.19603
152	6.20206
153	6.21053
154	6.21799
155	6.22667
156	6.2301
157	6.21613
158	6.19554
159	6.19678
160	6.18485
161	6.17971
162	6.18038
163	6.18302
164	6.19178
165	6.19463
166	6.19125
167	6.20267
168	6.20023
169	6.20048
170	6.19991
171	6.20084
172	6.21001
173	6.2118
174	6.21962
175	6.2366
176	6.25396
177	6.27301
178	6.29492
179	6.31058
180	6.3308
181	6.35409
182	6.36505
183	6.3757
184	6.39552
185	6.41619
186	6.43575
187	6.45799
188	6.4804
189	6.4984
190	6.51836
191	6.53648
192	6.55683
193	6.57558
194	6.55832
195	6.54743
196	6.54156
197	6.55306
198	6.56975
199	6.58815
200	6.58639
201	6.58794
202	6.57722
203	6.58474
204	6.5883
205	6.58877
206	6.56973
207	6.55355
208	6.53517
209	6.51119
210	6.50395
211	6.49505
212	6.47688
213	6.46954
214	6.45295
215	6.43317
216	6.41715
217	6.41144
218	6.40071
219	6.3921
220	6.37434
221	6.35769
222	6.34161
223	6.32672
224	6.31214
225	6.30197
226	6.29938
227	6.29071
228	6.28337
229	6.28298
230	6.2911
231	6.29142
232	6.28808
233	6.28191
234	6.28162
235	6.28673
236	6.28652
237	6.28924
238	6.29201
239	6.31077
240	6.33367
241	6.33617
242	6.34835
243	6.35358
244	6.35706
245	6.36614
246	6.37096
247	6.37561
248	6.37898
249	6.38204
250	6.36961
251	6.36861
252	6.37857
253	6.38178
254	6.37503
255	6.36759
256	6.36307
257	6.37273
258	6.38142
259	6.39125
260	6.39723
261	6.39211
262	6.40213
263	6.41671
264	6.42945
265	6.43212
266	6.43986
267	6.43104
268	6.42708
269	6.43076
270	6.45221
271	6.47664
272	6.48036
273	6.48632
274	6.48827
275	6.48205
276	6.47005
277	6.46743
278	6.45449
279	6.44801
280	6.4318
281	6.4155
282	6.4169
283	6.43204
284	6.42334
285	6.41025
286	6.39603
287	6.38829
288	6.38978
289	6.39526
290	6.39999
291	6.39636
292	6.40125
293	6.39257
294	6.40314
295	6.42703
296	6.45104
297	6.45525
298	6.46066
299	6.46344
300	6.479
301	6.46627
302	6.47851
303	6.4904
304	6.51233
305	6.5274
306	6.53665
307	6.54322
308	6.54978
309	6.56332
310	6.57653
311	6.59137
312	6.6166
313	6.63988
314	6.66702
315	6.68607
316	6.70993
317	6.72617
318	6.74831
319	6.75521
320	6.7593
321	6.76445
322	6.77003
323	6.77537
324	6.78107
325	6.78552
326	6.77545
327	6.77461
328	6.7798
329	6.78504
330	6.78712
331	6.79381
332	6.80101
333	6.80594
334	6.81129
335	6.81667
336	6.82344
337	6.82942
338	6.83377
339	6.81823
340	6.80164
341	6.78529
342	6.76939
343	6.7514
344	6.73481
345	6.72176
346	6.7055
347	6.68921
348	6.67392
349	6.6565
350	6.6572
351	6.65529
352	6.6458
353	6.64024
354	6.64647
355	6.65155
356	6.65825
357	6.65685
358	6.65932
359	6.64219
360	6.64036
361	6.64148
362	6.62375
363	6.60662
364	6.5889
365	6.59092
366	6.59351
367	6.59642
368	6.59674
369	6.58983
370	6.5749
371	6.56019
372	6.55419
373	6.53907
374	6.52308
375	6.5155
376	6.51503
377	6.50367
378	6.51392
379	6.53094
380	6.55199
381	6.57298
382	6.58259
383	6.57863
384	6.59212
385	6.59972
386	6.61053
387	6.61713
388	6.61059
389	6.60742
390	6.59955
391	6.59534
392	6.5764
393	6.57316
394	6.56608
395	6.5468
396	6.52703
397	6.50953
398	6.49198
399	6.47589
400	6.4576
401	6.45786
402	6.46165
403	6.45525
404	6.44492
405	6.43885
406	6.4396
407	6.43904
408	6.43901
409	6.4347
410	6.41662
411	6.40061
412	6.3812
413	6.3641
414	6.34529
415	6.33552
416	6.31941
417	6.30721
418	6.29256
419	6.30541
420	6.32387
421	6.33464
422	6.33801
423	6.34092
424	6.34099
425	6.34188
426	6.34322
427	6.34374
428	6.34407
429	6.35862
430	6.36286
431	6.36461
432	6.36454
433	6.36499
434	6.3703
435	6.37146
436	6.37194
437	6.37145
438	6.37259
439	6.37319
440	6.37328
441	6.37277
442	6.37214
443	6.37305
444	6.37332
445	6.37001
446	6.3711
447	6.37066
448	6.36913
449	6.36884
450	6.36806
451	6.36959
452	6.37045
453	6.37079
454	6.37234
455	6.37284
456	6.37411
457	6.37482
458	6.38438
459	6.39029
460	6.38786
461	6.38956
462	6.39133
463	6.39245
464	6.40671
465	6.41192
466	6.41182
467	6.41139
468	6.4099
469	6.41682
470	6.41658
471	6.41365
472	6.41281
473	6.41071
474	6.4113
475	6.42315
476	6.42572
477	6.42641
478	6.41561
479	6.39724
480	6.3835
481	6.36544
482	6.3513
483	6.34045
484	6.32316
485	6.31522
486	6.30588
487	6.30065
488	6.29303
489	6.29303
490	6.28644
491	6.28309
492	6.2996
493	6.31526
494	6.33354
495	6.34544
496	6.34755
497	6.34795
498	6.3521
499	6.3518
500	6.36115
501	6.3642
502	6.36189
503	6.36354
504	6.3695
505	6.3771
506	6.3754
507	6.37597
508	6.37811
509	6.37939
510	6.37991
511	6.37896
512	6.38043
513	6.38059
514	6.38107
515	6.37975
516	6.38019
517	6.38234
518	6.38269
519	6.36806
520	6.351
521	6.34144
522	6.33868
523	6.33598
524	6.34754
525	6.34915
526	6.34861
527	6.34774
528	6.34828
529	6.34432
530	6.33734
531	6.33586
532	6.33492
533	6.33569
534	6.33156
535	6.3308
536	6.32988
537	6.33018
538	6.33029
539	6.32836
540	6.3276
541	6.32857
542	6.32971
543	6.33055
544	6.33022
545	6.34351
546	6.36004
547	6.36895
548	6.37031
549	6.38512
550	6.39749
551	6.399
552	6.39855
553	6.39863
554	6.39617
555	6.39539
556	6.39307
557	6.39294
558	6.3824
559	6.37714
560	6.37689
561	6.37622
562	6.3756
563	6.37501
564	6.36386
565	6.3714
566	6.37577
567	6.37634
568	6.37691
569	6.37176
570	6.37303
571	6.37559
572	6.37854
573	6.37814
574	6.37824
575	6.38081
576	6.39502
577	6.41238
578	6.42161
579	6.42219
580	6.42022
581	6.4328
582	6.44558
583	6.45623
584	6.46777
585	6.47073
586	6.48686
587	6.48823
588	6.48818
589	6.47372
590	6.47049
591	6.46987
592	6.46236
593	6.44855
594	6.43041
595	6.42024
596	6.43556
597	6.44318
598	6.4412
599	6.44176
600	6.43767
601	6.43423
602	6.42733
603	6.41671
604	6.41645
605	6.41761
606	6.4211
607	6.42142
608	6.41844
609	6.41836
610	6.41843
611	6.41996
612	6.42011
613	6.41971
614	6.42508
615	6.43595
616	6.43987
617	6.45119
618	6.45929
619	6.47013
620	6.46767
621	6.46671
622	6.46615
623	6.46704
624	6.45607
625	6.45477
626	6.45382
627	6.45464
628	6.45407
629	6.44304
630	6.44357
631	6.44406
632	6.44579
633	6.44604
634	6.44486
635	6.44347
636	6.44409
637	6.44369
638	6.44298
639	6.44405
640	6.44503
641	6.44262
642	6.44233
643	6.44078
644	6.4399
645	6.43333
646	6.42164
647	6.41523
648	6.4135
649	6.40747
650	6.3957
651	6.39515
652	6.39832
653	6.40251
654	6.4025
655	6.41514
656	6.42984
657	6.44499
658	6.45411
659	6.45468
660	6.45467
661	6.45447
662	6.45408
663	6.45858
664	6.46617
665	6.45179
666	6.44715
667	6.44483
668	6.45308
669	6.46594
670	6.48337
671	6.49308
672	6.49438
673	6.5009
674	6.49946
675	6.4837
676	6.47446
677	6.46894
678	6.46326
679	6.47346
680	6.48347
681	6.47971
682	6.48097
683	6.48393
684	6.4831
685	6.48433
686	6.47429
687	6.47501
688	6.4876
689	6.50455
690	6.51987
691	6.53921
692	6.54847
693	6.55816
694	6.5761
695	6.58625
696	6.58839
697	6.59685
698	6.61018
699	6.6191
700	6.61362
701	6.61247
702	6.61317
703	6.61376
704	6.59939
705	6.60043
706	6.60351
707	6.61317
708	6.63079
709	6.64215
710	6.65616
711	6.66638
712	6.68671
713	6.69898
714	6.70281
715	6.7083
716	6.70326
717	6.6908
718	6.68316
719	6.67223
720	6.67337
721	6.67223
722	6.67271
723	6.67339
724	6.67321
725	6.67359
726	6.68413
727	6.69627
728	6.71527
729	6.73131
730	6.73107
731	6.73347
732	6.74595
733	6.74924
734	6.74941
735	6.74944
736	6.74922
737	6.75173
738	6.75352
739	6.75659
740	6.75678
741	6.76007
742	6.76148
743	6.76184
744	6.76379
745	6.75607
746	6.74987
747	6.74801
748	6.7502
749	6.74154
750	6.74118
751	6.74074
752	6.73721
753	6.73221
754	6.73385
755	6.72358
756	6.70976
757	6.69342
758	6.6831
759	6.68223
760	6.68148
761	6.67973
762	6.6923
763	6.68601
764	6.67628
765	6.67615
766	6.69145
767	6.70181
768	6.69426
769	6.68064
770	6.66227
771	6.65079
772	6.65027
773	6.64407
774	6.64549
775	6.64707
776	6.63839
777	6.62517
778	6.62054
779	6.61072
780	6.59967
781	6.59176
782	6.58202
783	6.56654
784	6.55502
785	6.55146
786	6.54623
787	6.53806
788	6.5246
789	6.50827
790	6.49428
791	6.4746
792	6.45473
793	6.44358
794	6.42707
795	6.41658
796	6.39885
797	6.38234
798	6.36743
799	6.36273
800	6.36622
801	6.37009
802	6.37313
803	6.37661
804	6.38122
805	6.37279
806	6.36997
807	6.37587
808	6.36702
809	6.36019
810	6.34919
811	6.34125
812	6.33448
813	6.32841
814	6.32457
815	6.31466
816	6.31814
817	6.3208
818	6.32072
819	6.321
820	6.32284
821	6.32372
822	6.32565
823	6.32388
824	6.32231
825	6.32139
826	6.31235
827	6.30132
828	6.28488
829	6.2712
830	6.27119
831	6.26945
832	6.25945
833	6.25643
834	6.26924
835	6.27598
836	6.28079
837	6.28104
838	6.28092
839	6.27889
840	6.27992
841	6.27932
842	6.27806
843	6.27875
844	6.28169
845	6.2854
846	6.2854
847	6.28455
848	6.28373
849	6.28269
850	6.28403
851	6.28363
852	6.28438
853	6.28467
854	6.28249
855	6.28034
856	6.27982
857	6.27933
858	6.27908
859	6.28082
860	6.28166
861	6.28415
862	6.27334
863	6.27563
864	6.2851
865	6.29462
866	6.29006
867	6.29153
868	6.29949
869	6.31566
870	6.33113
871	6.34805
872	6.35401
873	6.35965
874	6.36615
875	6.37768
876	6.39072
877	6.40136
878	6.41151
879	6.4199
880	6.42073
881	6.42105
882	6.41728
883	6.41779
884	6.41742
885	6.4158
886	6.41574
887	6.41774
888	6.41813
889	6.41788
890	6.4207
891	6.42175
892	6.4215
893	6.42704
894	6.43387
895	6.43239
896	6.43252
897	6.44209
898	6.4428
899	6.43833
900	6.43422
901	6.43099
902	6.42807
903	6.42394
904	6.41941
905	6.41538
906	6.41316
907	6.39808
908	6.40515
909	6.40867
910	6.40527
911	6.4027
912	6.39159
913	6.38588
914	6.38137
915	6.37611
916	6.37248
917	6.36898
918	6.36931
919	6.368
920	6.36714
921	6.36612
922	6.3662
923	6.38118
924	6.39152
925	6.39141
926	6.39025
927	6.38961
928	6.38859
929	6.38914
930	6.38984
931	6.39049
932	6.3899
933	6.38825
934	6.37632
935	6.37049
936	6.36595
937	6.3633
938	6.36189
939	6.36272
940	6.3634
941	6.36331
942	6.36261
943	6.36487
944	6.36185
945	6.35888
946	6.35911
947	6.35913
948	6.3597
949	6.36058
950	6.35888
951	6.35897
952	6.36353
953	6.36367
954	6.36635
955	6.36637
956	6.36589
957	6.36624
958	6.36581
959	6.36524
960	6.36382
961	6.37656
962	6.38004
963	6.37871
964	6.36861
965	6.36014
966	6.35234
967	6.34957
968	6.34138
969	6.32816
970	6.31783
971	6.30097
972	6.29334
973	6.28885
974	6.28144
975	6.26912
976	6.25696
977	6.24733
978	6.24118
979	6.23217
980	6.22954
981	6.22923
982	6.22828
983	6.22719
984	6.22826
985	6.22956
986	6.22967
987	6.22644
988	6.22516
989	6.22715
990	6.22448
991	6.23993
992	6.24976
993	6.24434
994	6.24304
995	6.24368
996	6.25561
997	6.25513
998	6.25506
999	6.25541
1000	6.25591
1001	6.25548
1002	6.25544
1003	6.25732
1004	6.26546
1005	6.2732
1006	6.27355
1007	6.2737
1008	6.26628
1009	6.2601
1010	6.26069
1011	6.26307
1012	6.26259
1013	6.26285
1014	6.26266
1015	6.27686
1016	6.28359
1017	6.28481
1018	6.28415
1019	6.28553
1020	6.28583
1021	6.28609
1022	6.28463
1023	6.27079
1024	6.2623
1025	6.27265
1026	6.27684
1027	6.27664
1028	6.27677
1029	6.27884
1030	6.27748
1031	6.27613
1032	6.27589
1033	6.27661
1034	6.27934
1035	6.27974
1036	6.28662
1037	6.29034
1038	6.29582
1039	6.29586
1040	6.2928
1041	6.29265
1042	6.29396
1043	6.29214
1044	6.29194
1045	6.29053
1046	6.28971
1047	6.30232
1048	6.31234
1049	6.32468
1050	6.33065
1051	6.34606
1052	6.35326
1053	6.36367
1054	6.38075
1055	6.39777
1056	6.41443
1057	6.43039
1058	6.44888
1059	6.46593
1060	6.4853
1061	6.49052
1062	6.49629
1063	6.49693
1064	6.50218
1065	6.51875
1066	6.53238
1067	6.53969
1068	6.54551
1069	6.54908
1070	6.55857
1071	6.57236
1072	6.58405
1073	6.59771
1074	6.60488
1075	6.61174
1076	6.62662
1077	6.63694
1078	6.64423
1079	6.65538
1080	6.66764
1081	6.67742
1082	6.69115
1083	6.71011
1084	6.71923
1085	6.71995
1086	6.71951
1087	6.72048
1088	6.73744
1089	6.74753
1090	6.76018
1091	6.76163
1092	6.77206
1093	6.78274
1094	6.7819
1095	6.79028
1096	6.79504
1097	6.79678
1098	6.80271
1099	6.82112
1100	6.83134
1101	6.83247
1102	6.83192
1103	6.83987
1104	6.84892
1105	6.84967
1106	6.84639
1107	6.84879
1108	6.85606
1109	6.86783
1110	6.88363
1111	6.89669
1112	6.91252
1113	6.92966
1114	6.9472
1115	6.94959
1116	6.95976
1117	6.96562
1118	6.96529
1119	6.96538
1120	6.96283
1121	6.96365
1122	6.96244
1123	6.96233
1124	6.97191
1125	6.95913
1126	6.95477
1127	6.9631
1128	6.96315
1129	6.9596
1130	6.97346
1131	6.97894
1132	6.97869
1133	6.98103
1134	6.99799
1135	7.01666
1136	7.01593
1137	7.02226
1138	7.03571
1139	7.04475
1140	7.0438
1141	7.04372
1142	7.04147
1143	7.04052
1144	7.03981
1145	7.04156
1146	7.04145
1147	7.0254
1148	7.01209
1149	6.99578
1150	7.00063
1151	6.99437
1152	6.98189
1153	6.96815
1154	6.94637
1155	6.92415
1156	6.90355
1157	6.8998
1158	6.88343
1159	6.86866
1160	6.8603
1161	6.85105
1162	6.85404
1163	6.86568
1164	6.88104
1165	6.87127
1166	6.85532
1167	6.84031
1168	6.83304
1169	6.82439
1170	6.81716
1171	6.80892
1172	6.79997
1173	6.78353
1174	6.77702
1175	6.77076
1176	6.75497
1177	6.76176
1178	6.76881
1179	6.77567
1180	6.78154
1181	6.78016
1182	6.78298
1183	6.77739
1184	6.78019
1185	6.78661
1186	6.79861
1187	6.80901
1188	6.80534
1189	6.80096
1190	6.79517
1191	6.78347
1192	6.76352
1193	6.75259
1194	6.7462
1195	6.7392
1196	6.7264
1197	6.71636
1198	6.71777
1199	6.69955
1200	6.68997
1201	6.689
1202	6.6891
1203	6.67972
1204	6.66308
1205	6.65436
1206	6.6551
1207	6.65287
1208	6.63996
1209	6.63416
1210	6.62693
1211	6.61308
1212	6.59793
1213	6.58355
1214	6.56846
1215	6.55204
1216	6.53354
1217	6.53272
1218	6.5316
1219	6.53186
1220	6.53481
1221	6.53666
1222	6.537
1223	6.53637
1224	6.52832
1225	6.52837
1226	6.52906
1227	6.52359
1228	6.52435
1229	6.52478
1230	6.51307
1231	6.5098
1232	6.50929
1233	6.5076
1234	6.49053
1235	6.47498
1236	6.47391
1237	6.46649
1238	6.45038
1239	6.44191
1240	6.44349
1241	6.44351
1242	6.45441
1243	6.45693
1244	6.45678
1245	6.45623
1246	6.45788
1247	6.45782
1248	6.46512
1249	6.4709
1250	6.46796
1251	6.4659
1252	6.4755
1253	6.49398
1254	6.50431
1255	6.50831
1256	6.51602
1257	6.50305
1258	6.5001
1259	6.50099
1260	6.49082
1261	6.4883
1262	6.4932
1263	6.49177
1264	6.48228
1265	6.48565
1266	6.50464
1267	6.51916
1268	6.5388
1269	6.54894
1270	6.54733
1271	6.55081
1272	6.56579
1273	6.5857
1274	6.59757
1275	6.59994
1276	6.60176
1277	6.59696
1278	6.59937
1279	6.60024
1280	6.59441
1281	6.59182
1282	6.57778
1283	6.58072
1284	6.5766
1285	6.57009
1286	6.56077
1287	6.551
1288	6.53765
1289	6.53007
1290	6.52187
1291	6.51626
1292	6.52115
1293	6.52088
1294	6.5207
1295	6.52029
1296	6.51445
1297	6.5152
1298	6.50868
1299	6.50969
1300	6.51422
1301	6.51783
1302	6.52143
1303	6.5217
1304	6.52085
1305	6.53494
1306	6.54135
1307	6.54111
1308	6.54081
1309	6.53555
1310	6.52919
1311	6.52878
1312	6.52985
1313	6.52966
1314	6.52939
1315	6.53063
1316	6.53299
1317	6.5387
1318	6.54086
1319	6.54401
1320	6.54338
1321	6.54168
1322	6.54216
1323	6.55101
1324	6.54928
1325	6.55013
1326	6.55002
1327	6.55044
1328	6.56566
1329	6.58146
1330	6.596
1331	6.6095
1332	6.62434
1333	6.63826
1334	6.65157
1335	6.661
1336	6.65579
1337	6.66699
1338	6.66943
1339	6.6669
1340	6.66819
1341	6.68226
1342	6.68713
1343	6.70034
1344	6.70743
1345	6.70776
1346	6.70612
1347	6.70651
1348	6.6985
1349	6.69381
1350	6.70154
1351	6.70211
1352	6.69959
1353	6.69053
1354	6.69072
1355	6.69877
1356	6.70342
1357	6.71383
1358	6.72324
1359	6.72814
1360	6.74214
1361	6.74729
1362	6.7434
1363	6.74823
1364	6.75306
1365	6.75501
1366	6.74924
1367	6.74331
1368	6.72289
1369	6.71279
1370	6.704
1371	6.69415
1372	6.6758
1373	6.65622
1374	6.64317
1375	6.64038
1376	6.63862
1377	6.62752
1378	6.60883
1379	6.58953
1380	6.57846
1381	6.57544
1382	6.5728
1383	6.57154
1384	6.58017
1385	6.59812
1386	6.61376
1387	6.63042
1388	6.65152
1389	6.66703
1390	6.68784
1391	6.68729
1392	6.68211
1393	6.68741
1394	6.69199
1395	6.69278
1396	6.69286
1397	6.69203
1398	6.69076
1399	6.68986
1400	6.68563
1401	6.68251
1402	6.6796
1403	6.67891
1404	6.68045
1405	6.66726
1406	6.66314
1407	6.66715
1408	6.66699
1409	6.68208
1410	6.70009
1411	6.71934
1412	6.73876
1413	6.75959
1414	6.77904
1415	6.79649
1416	6.81528
1417	6.81314
1418	6.82229
1419	6.83067
1420	6.84914
1421	6.86323
1422	6.88283
1423	6.88913
1424	6.90232
1425	6.91393
1426	6.91103
1427	6.924
1428	6.91317
1429	6.91222
1430	6.90352
1431	6.8877
1432	6.87144
1433	6.85482
1434	6.84014
1435	6.8288
1436	6.82716
1437	6.81514
1438	6.8122
1439	6.81413
1440	6.81066
1441	6.80387
1442	6.78765
1443	6.7807
1444	6.78811
1445	6.79661
1446	6.80319
1447	6.81191
1448	6.82186
1449	6.83634
1450	6.83427
1451	6.82466
1452	6.81506
1453	6.80497
1454	6.79476
1455	6.7828
1456	6.77651
1457	6.77167
1458	6.76263
1459	6.7578
1460	6.74984
1461	6.73741
1462	6.7235
1463	6.72219
1464	6.71349
1465	6.69688
1466	6.69534
1467	6.68825
1468	6.69263
1469	6.69951
1470	6.69993
1471	6.69794
1472	6.71628
1473	6.73066
1474	6.74665
1475	6.75327
1476	6.75342
1477	6.75249
1478	6.75449
1479	6.75561
1480	6.75806
1481	6.76853
1482	6.77729
1483	6.7796
1484	6.77185
1485	6.75317
1486	6.73476
1487	6.71582
1488	6.69679
1489	6.68247
1490	6.66256
1491	6.6599
1492	6.6605
1493	6.65574
1494	6.65174
1495	6.6501
1496	6.64996
1497	6.65232
1498	6.65706
1499	6.67361
1500	6.68398
1501	6.69544
1502	6.70846
1503	6.72338
1504	6.7354
1505	6.74812
1506	6.7611
1507	6.76222
1508	6.76347
1509	6.74795
1510	6.72855
1511	6.70779
1512	6.68902
1513	6.67003
1514	6.66893
1515	6.66636
1516	6.66669
1517	6.66595
1518	6.66206
1519	6.65833
1520	6.64088
1521	6.62875
1522	6.61113
1523	6.59666
1524	6.58636
1525	6.5735
1526	6.57545
1527	6.56157
1528	6.5562
1529	6.54247
1530	6.54922
1531	6.56254
1532	6.58212
1533	6.60274
1534	6.61505
1535	6.62876
1536	6.64367
1537	6.65865
1538	6.67386
1539	6.67624
1540	6.67949
1541	6.67301
1542	6.68596
1543	6.69137
1544	6.68473
1545	6.68709
1546	6.69294
1547	6.6905
1548	6.68746
1549	6.68068
1550	6.66926
1551	6.66744
1552	6.66394
1553	6.67619
1554	6.68821
1555	6.70002
1556	6.70539
1557	6.71027
1558	6.71252
1559	6.70509
1560	6.69726
1561	6.69761
1562	6.69701
1563	6.68334
1564	6.67869
1565	6.67989
1566	6.66686
1567	6.66419
1568	6.65787
1569	6.65135
1570	6.66473
1571	6.66692
1572	6.65796
1573	6.65326
1574	6.64387
1575	6.64292
1576	6.65021
1577	6.65535
1578	6.6557
1579	6.66287
1580	6.67017
1581	6.66591
1582	6.67092
1583	6.65514
1584	6.64401
1585	6.64321
1586	6.64309
1587	6.64545
1588	6.64429
1589	6.6443
1590	6.6586
1591	6.6691
1592	6.67972
1593	6.69942
1594	6.71092
1595	6.71798
1596	6.73235
1597	6.73192
1598	6.72713
1599	6.71993
1600	6.70846
1601	6.69714
1602	6.68203
1603	6.66777
1604	6.65366
1605	6.64076
1606	6.62699
1607	6.62203
1608	6.62531
1609	6.62543
1610	6.63969
1611	6.64481
1612	6.6449
1613	6.65716
1614	6.64571
1615	6.62845
1616	6.61172
1617	6.60428
1618	6.59903
1619	6.59064
1620	6.5916
1621	6.59081
1622	6.59068
1623	6.59144
1624	6.59196
1625	6.59476
1626	6.59581
1627	6.59771
1628	6.59799
1629	6.59758
1630	6.59937
1631	6.60182
1632	6.60013
1633	6.60013
1634	6.6066
1635	6.60353
1636	6.59056
1637	6.57516
1638	6.56073
1639	6.56227
1640	6.56845
1641	6.56948
1642	6.556
1643	6.54292
1644	6.53595
1645	6.52674
1646	6.51581
1647	6.50995
1648	6.50545
1649	6.49895
1650	6.50243
1651	6.50347
1652	6.50558
1653	6.4934
1654	6.48022
1655	6.46929
1656	6.45955
1657	6.44897
1658	6.44523
1659	6.44673
1660	6.44712
1661	6.44736
1662	6.44758
1663	6.44763
1664	6.44576
1665	6.44498
1666	6.44459
1667	6.45837
1668	6.46859
1669	6.46974
1670	6.45985
1671	6.46475
1672	6.45644
1673	6.46068
1674	6.46332
1675	6.47497
1676	6.47665
1677	6.47372
1678	6.47221
1679	6.4648
1680	6.45746
1681	6.44897
1682	6.43745
1683	6.43583
1684	6.43689
1685	6.43807
1686	6.4371
1687	6.44845
1688	6.45069
1689	6.44964
1690	6.44186
1691	6.43334
1692	6.43083
1693	6.4165
1694	6.40629
1695	6.40028
1696	6.38766
1697	6.38598
1698	6.38445
1699	6.37506
1700	6.375
1701	6.38881
1702	6.40349
1703	6.41307
1704	6.42701
1705	6.43969
1706	6.45218
1707	6.45851
1708	6.45462
1709	6.4532
1710	6.44034
1711	6.44597
1712	6.45283
1713	6.43906
1714	6.43348
1715	6.43599
1716	6.43458
1717	6.44333
1718	6.45579
1719	6.47543
1720	6.48635
1721	6.4986
1722	6.50967
1723	6.51515
1724	6.51304
1725	6.51336
1726	6.52689
1727	6.53553
1728	6.5424
1729	6.55612
1730	6.55573
1731	6.54485
1732	6.52728
1733	6.52179
1734	6.50757
1735	6.49748
1736	6.49648
1737	6.49504
1738	6.49927
1739	6.50248
1740	6.4981
1741	6.49611
1742	6.49686
1743	6.49455
1744	6.51085
1745	6.52437
1746	6.52834
1747	6.52821
1748	6.53602
1749	6.55401
1750	6.55841
1751	6.56623
1752	6.57245
1753	6.57453
1754	6.58831
1755	6.60491
1756	6.62161
1757	6.63586
1758	6.6483
1759	6.65657
1760	6.67385
1761	6.68978
1762	6.70784
1763	6.72928
1764	6.74811
1765	6.76353
1766	6.77681
1767	6.78171
1768	6.78213
1769	6.79628
1770	6.80822
1771	6.82193
1772	6.83587
1773	6.8394
1774	6.85119
1775	6.85327
1776	6.86325
1777	6.88103
1778	6.89027
1779	6.91098
1780	6.92037
1781	6.93892
1782	6.954
1783	6.97529
1784	6.99714
1785	7.01048
1786	7.01573
1787	7.00595
1788	7.00365
1789	7.00264
1790	6.99807
1791	7.01512
1792	7.01837
1793	7.01517
1794	7.01407
1795	7.01449
1796	7.01251
1797	7.01007
1798	7.02567
1799	7.03863
1800	7.04248
1801	7.02563
1802	7.00837
1803	6.99685
1804	6.98157
1805	6.97073
1806	6.97349
1807	6.97787
1808	6.97874
1809	6.98618
1810	6.98812
1811	6.98941
1812	6.98569
1813	7.00128
1814	7.01463
1815	7.02752
1816	7.03648
1817	7.03095
1818	7.02358
1819	7.00094
1820	6.99667
1821	6.9959
1822	6.99287
1823	7.00401
1824	7.02002
1825	7.02878
1826	7.01676
1827	7.01083
1828	7.00424
1829	6.98875
1830	6.97291
1831	6.96829
1832	6.96998
1833	6.96899
1834	6.97495
1835	6.9837
1836	6.98528
1837	6.98752
1838	6.98775
1839	6.99106
1840	6.99415
1841	6.99747
1842	7.00086
1843	7.01338
1844	7.00197
1845	6.99385
1846	6.98903
1847	7.00554
1848	7.00185
1849	6.99368
1850	6.99457
1851	7.00036
1852	6.99313
1853	6.99211
1854	6.97568
1855	6.95846
1856	6.94005
1857	6.92557
1858	6.91296
1859	6.90372
1860	6.88529
1861	6.86649
1862	6.84705
1863	6.82521
1864	6.80662
1865	6.79337
1866	6.78891
1867	6.77036
1868	6.76197
1869	6.74751
1870	6.74931
1871	6.7488
1872	6.74696
1873	6.73707
1874	6.71851
1875	6.69829
1876	6.67902
1877	6.66432
1878	6.65519
1879	6.6496
1880	6.65517
1881	6.65201
1882	6.65113
1883	6.64619
1884	6.63495
1885	6.62094
1886	6.61716
1887	6.61349
1888	6.62264
1889	6.63445
1890	6.64979
1891	6.65151
1892	6.6583
1893	6.675
1894	6.69596
1895	6.71554
1896	6.72652
1897	6.74281
1898	6.73704
1899	6.72626
1900	6.72721
1901	6.74357
1902	6.76232
1903	6.77986
1904	6.7959
1905	6.8111
1906	6.79486
1907	6.79585
1908	6.79769
1909	6.79081
1910	6.7885
1911	6.77729
1912	6.77152
1913	6.75772
1914	6.74307
1915	6.72947
1916	6.7264
1917	6.72128
1918	6.71544
1919	6.715
1920	6.70529
1921	6.69416
1922	6.68774
1923	6.67044
1924	6.65707
1925	6.6495
1926	6.64583
1927	6.64581
1928	6.64548
1929	6.64471
1930	6.64319
1931	6.64181
1932	6.64134
1933	6.62784
1934	6.63173
1935	6.62834
1936	6.62811
1937	6.62886
1938	6.62405
1939	6.61333
1940	6.60578
1941	6.60333
1942	6.60245
1943	6.59568
1944	6.58974
1945	6.59643
1946	6.61479
1947	6.60987
1948	6.60555
1949	6.60225
1950	6.59417
1951	6.58292
1952	6.58274
1953	6.58206
1954	6.58371
1955	6.58257
1956	6.58168
1957	6.57957
1958	6.57986
1959	6.58056
1960	6.59798
1961	6.61666
1962	6.63003
1963	6.64812
1964	6.65849
1965	6.66382
1966	6.65651
1967	6.65457
1968	6.65375
1969	6.66089
1970	6.64471
1971	6.6247
1972	6.61187
1973	6.60505
1974	6.60352
1975	6.60409
1976	6.61656
1977	6.6157
1978	6.62945
1979	6.62181
1980	6.60534
1981	6.59336
1982	6.58325
1983	6.56966
1984	6.55964
1985	6.56171
1986	6.56077
1987	6.56012
1988	6.54979
1989	6.53876
1990	6.52267
1991	6.51074
1992	6.49315
1993	6.47588
1994	6.45792
1995	6.44029
1996	6.43105
1997	6.41844
1998	6.41273
1999	6.42478
2000	6.427
2001	6.4126
2002	6.40683
2003	6.39118
2004	6.37658
2005	6.35963
2006	6.36551
2007	6.35479
2008	6.35112
2009	6.35268
2010	6.35318
2011	6.35248
2012	6.35389
2013	6.35327
2014	6.35588
2015	6.36399
2016	6.37049
2017	6.37101
2018	6.37015
2019	6.37173
2020	6.37327
2021	6.37097
2022	6.36945
2023	6.36988
2024	6.36982
2025	6.36963
2026	6.36975
2027	6.36585
2028	6.36468
2029	6.36434
2030	6.36609
2031	6.36721
2032	6.36694
2033	6.36711
2034	6.35536
2035	6.35117
2036	6.35045
2037	6.34897
2038	6.3548
2039	6.35704
2040	6.36015
2041	6.3681
2042	6.36675
2043	6.37101
2044	6.37132
2045	6.35836
2046	6.34093
2047	6.33152
2048	6.33213
2049	6.32513
2050	6.32199
2051	6.3226
2052	6.33659
2053	6.34887
2054	6.35123
2055	6.35225
2056	6.35439
2057	6.3562
2058	6.35584
2059	6.35573
2060	6.33905
2061	6.32152
2062	6.30934
2063	6.29204
2064	6.29056
2065	6.2934
2066	6.3087
2067	6.32232
2068	6.33742
2069	6.34091
2070	6.35355
2071	6.36238
2072	6.36335
2073	6.36335
2074	6.36965
2075	6.37744
2076	6.36497
2077	6.36274
2078	6.34911
2079	6.34323
2080	6.34414
2081	6.3428
2082	6.33926
2083	6.34051
2084	6.35038
2085	6.35009
2086	6.35129
2087	6.35587
2088	6.36893
2089	6.37873
2090	6.38586
2091	6.38104
2092	6.3827
2093	6.38227
2094	6.38109
2095	6.37951
2096	6.3836
2097	6.38403
2098	6.38433
2099	6.37397
2100	6.36759
2101	6.36888
2102	6.35872
2103	6.35884
2104	6.35874
2105	6.37066
2106	6.37843
2107	6.38695
2108	6.39002
2109	6.39169
2110	6.39139
2111	6.39258
2112	6.3927
2113	6.39384
2114	6.39268
2115	6.38595
2116	6.37583
2117	6.38076
2118	6.37712
2119	6.37631
2120	6.37587
2121	6.38131
2122	6.38251
2123	6.38283
2124	6.38222
2125	6.38176
2126	6.38198
2127	6.38156
2128	6.38184
2129	6.38177
2130	6.38155
2131	6.38245
2132	6.39712
2133	6.40481
2134	6.40364
2135	6.40504
2136	6.40882
2137	6.41665
2138	6.42266
2139	6.43277
2140	6.44282
2141	6.44579
2142	6.46298
2143	6.46743
2144	6.48138
2145	6.49158
2146	6.50882
2147	6.52383
2148	6.51971
2149	6.53154
2150	6.54687
2151	6.55773
2152	6.56201
2153	6.5621
2154	6.57279
2155	6.58425
2156	6.59723
2157	6.61585
2158	6.63395
2159	6.64278
2160	6.64398
2161	6.64204
2162	6.64264
2163	6.64117
2164	6.63313
2165	6.63164
2166	6.62162
2167	6.61137
2168	6.59455
2169	6.58213
2170	6.56921
2171	6.56125
2172	6.55963
2173	6.55879
2174	6.55281
2175	6.54348
2176	6.544
2177	6.54407
2178	6.54409
2179	6.54554
2180	6.54742
2181	6.54713
2182	6.54808
2183	6.54696
2184	6.53787
2185	6.53772
2186	6.53745
2187	6.53353
2188	6.53457
2189	6.53483
2190	6.53643
2191	6.54538
2192	6.54251
2193	6.54255
2194	6.54743
2195	6.56441
2196	6.56986
2197	6.57726
2198	6.59407
2199	6.60653
2200	6.61144
2201	6.60857
2202	6.60822
2203	6.62139
2204	6.62851
2205	6.61375
2206	6.59701
2207	6.58542
2208	6.58782
2209	6.58387
2210	6.5836
2211	6.58325
2212	6.59608
2213	6.60215
2214	6.60249
2215	6.60185
2216	6.60427
2217	6.59807
2218	6.60129
2219	6.60047
2220	6.59902
2221	6.59461
2222	6.59314
2223	6.59484
2224	6.59562
2225	6.59485
2226	6.59491
2227	6.59574
2228	6.60853
2229	6.61398
2230	6.61382
2231	6.61156
2232	6.59609
2233	6.59118
2234	6.59215
2235	6.58943
2236	6.58511
2237	6.57734
2238	6.57821
2239	6.57049
2240	6.55722
2241	6.54608
2242	6.52653
2243	6.51548
2244	6.5008
2245	6.48983
2246	6.47358
2247	6.46754
2248	6.46922
2249	6.45712
2250	6.44324
2251	6.4284
2252	6.40964
2253	6.39731
2254	6.38424
2255	6.37284
2256	6.35905
2257	6.34137
2258	6.32499
2259	6.31809
2260	6.31747
2261	6.31875
2262	6.31928
2263	6.32199
2264	6.33353
2265	6.3311
2266	6.32325
2267	6.32053
2268	6.32003
2269	6.32115
2270	6.32143
2271	6.32086
2272	6.32183
2273	6.32173
2274	6.32193
2275	6.32331
2276	6.32492
2277	6.32386
2278	6.3261
2279	6.32618
2280	6.33806
2281	6.34227
2282	6.35516
2283	6.36213
2284	6.37707
2285	6.38563
2286	6.38777
2287	6.39291
2288	6.37961
2289	6.37018
2290	6.36093
2291	6.35277
2292	6.35464
2293	6.36663
2294	6.37565
2295	6.37547
2296	6.37448
2297	6.37876
2298	6.3724
2299	6.36148
2300	6.36756
2301	6.37856
2302	6.3893
2303	6.38493
2304	6.37836
2305	6.38785
2306	6.39131
2307	6.39526
2308	6.39317
2309	6.39583
2310	6.39522
2311	6.39506
2312	6.38525
2313	6.3818
2314	6.38221
2315	6.38362
2316	6.38185
2317	6.38252
2318	6.38242
2319	6.39647
2320	6.39995
2321	6.40025
2322	6.40152
2323	6.40015
2324	6.39866
2325	6.39912
2326	6.39761
2327	6.39669
2328	6.38243
2329	6.37761
2330	6.39228
2331	6.40207
2332	6.40074
2333	6.39682
2334	6.40042
2335	6.39988
2336	6.40013
2337	6.4008
2338	6.38802
2339	6.38324
2340	6.38541
2341	6.38422
2342	6.38521
2343	6.38616
2344	6.38538
2345	6.38484
2346	6.38534
2347	6.37824
2348	6.38018
2349	6.38068
2350	6.37942
2351	6.38062
2352	6.38173
2353	6.38071
2354	6.38183
2355	6.38102
2356	6.38145
2357	6.382
2358	6.38216
2359	6.38228
2360	6.38292
2361	6.3858
2362	6.38409
2363	6.38469
2364	6.37215
2365	6.3673
2366	6.36747
2367	6.3711
2368	6.37646
2369	6.37959
2370	6.38389
2371	6.38938
2372	6.39363
2373	6.40884
2374	6.42435
2375	6.42615
2376	6.43797
2377	6.4548
2378	6.46343
2379	6.46753
2380	6.46115
2381	6.46377
2382	6.45121
2383	6.44413
2384	6.42957
2385	6.42003
2386	6.41769
2387	6.41194
2388	6.41327
2389	6.41453
2390	6.41962
2391	6.43508
2392	6.44422
2393	6.43266
2394	6.41912
2395	6.4088
2396	6.40518
2397	6.39453
2398	6.39602
2399	6.39802
2400	6.38699
2401	6.37683
2402	6.3676
2403	6.35905
2404	6.35946
2405	6.35009
2406	6.34774
2407	6.3467
2408	6.34459
2409	6.34319
2410	6.3439
2411	6.34363
2412	6.34202
2413	6.3397
2414	6.33823
2415	6.33752
2416	6.35049
2417	6.35131
2418	6.36577
2419	6.36966
2420	6.38451
2421	6.39208
2422	6.40069
2423	6.41946
2424	6.43667
2425	6.45305
2426	6.47154
2427	6.48194
2428	6.48591
2429	6.48718
2430	6.47166
2431	6.46328
2432	6.46425
2433	6.46514
2434	6.46085
2435	6.464
2436	6.46424
2437	6.46642
2438	6.46717
2439	6.47025
2440	6.47001
2441	6.47067
2442	6.47097
2443	6.46987
2444	6.46854
2445	6.46865
2446	6.46716
2447	6.46707
2448	6.46519
2449	6.46373
2450	6.46424
2451	6.46412
2452	6.47677
2453	6.48268
2454	6.48842
2455	6.4911
2456	6.49144
2457	6.49114
2458	6.49027
2459	6.48835
2460	6.48695
2461	6.48474
2462	6.48696
2463	6.48683
2464	6.48738
2465	6.48828
2466	6.49031
2467	6.4859
2468	6.48213
2469	6.47908
2470	6.48676
2471	6.48625
2472	6.47901
2473	6.46511
2474	6.44865
2475	6.44558
2476	6.43236
2477	6.42492
2478	6.42304
2479	6.42432
2480	6.4175
2481	6.40885
2482	6.40807
2483	6.40751
2484	6.40676
2485	6.40547
2486	6.40574
2487	6.40422
2488	6.40362
2489	6.40236
2490	6.39832
2491	6.38329
2492	6.374
2493	6.37446
2494	6.37385
2495	6.371
2496	6.36689
2497	6.3659
2498	6.36162
2499	6.35714
2500	6.35659
2501	6.35706
2502	6.35503
2503	6.35504
2504	6.35448
2505	6.35628
2506	6.36284
2507	6.36216
2508	6.36179
2509	6.3607
2510	6.36093
2511	6.36103
2512	6.36033
2513	6.3603
2514	6.36169
2515	6.36213
2516	6.34895
2517	6.34746
2518	6.33304
2519	6.32447
2520	6.30922
2521	6.31296
2522	6.30659
2523	6.28846
2524	6.27318
2525	6.25804
2526	6.24087
2527	6.23115
2528	6.22957
2529	6.23179
2530	6.23389
2531	6.23296
2532	6.24501
2533	6.25378
2534	6.26915
2535	6.28609
2536	6.30298
2537	6.31781
2538	6.33535
2539	6.34836
2540	6.36258
2541	6.3805
2542	6.39743
2543	6.41616
2544	6.43681
2545	6.45527
2546	6.4731
2547	6.48491
2548	6.50117
2549	6.51767
2550	6.5369
2551	6.54616
2552	6.5339
2553	6.52802
2554	6.52451
2555	6.52838
2556	6.52873
2557	6.52856
2558	6.52939
2559	6.53141
2560	6.54539
2561	6.5549
2562	6.56576
2563	6.57183
2564	6.58868
2565	6.60582
2566	6.61737
2567	6.63171
2568	6.65082
2569	6.65952
2570	6.65014
2571	6.65835
2572	6.67397
2573	6.68808
2574	6.70387
2575	6.71906
2576	6.72903
2577	6.71997
2578	6.7202
2579	6.71766
2580	6.73246
2581	6.73739
2582	6.73865
2583	6.75182
2584	6.76172
2585	6.78377
2586	6.80303
2587	6.80599
2588	6.80618
2589	6.82241
2590	6.8297
2591	6.82886
2592	6.83099
2593	6.8468
2594	6.8571
2595	6.85168
2596	6.8634
2597	6.86336
2598	6.85499
2599	6.85536
2600	6.85623
2601	6.8559
2602	6.85689
2603	6.8578
2604	6.85696
2605	6.85548
2606	6.84909
2607	6.84877
2608	6.84969
2609	6.85079
2610	6.85102
2611	6.85093
2612	6.85127
2613	6.84979
2614	6.85558
2615	6.85429
2616	6.85126
2617	6.85209
2618	6.85462
2619	6.84476
2620	6.84333
2621	6.82961
2622	6.82393
2623	6.82576
2624	6.82569
2625	6.82483
2626	6.82439
2627	6.82533
2628	6.82504
2629	6.82069
2630	6.81993
2631	6.81995
2632	6.80487
2633	6.7955
2634	6.77824
2635	6.75781
2636	6.73909
2637	6.71967
2638	6.69912
2639	6.68254
2640	6.66719
2641	6.64738
2642	6.62823
2643	6.61353
2644	6.5944
2645	6.57548
2646	6.55792
2647	6.54409
2648	6.52973
2649	6.51339
2650	6.49405
2651	6.48637
2652	6.48524
2653	6.48631
2654	6.48319
2655	6.47709
2656	6.47526
2657	6.47511
2658	6.47424
2659	6.47254
2660	6.45983
2661	6.44933
2662	6.4377
2663	6.43153
2664	6.41058
2665	6.39471
2666	6.38703
2667	6.37792
2668	6.37418
2669	6.37698
2670	6.39108
2671	6.38842
2672	6.39164
2673	6.39319
2674	6.39347
2675	6.39566
2676	6.3871
2677	6.38705
2678	6.37841
2679	6.3779
2680	6.3655
2681	6.37147
2682	6.38274
2683	6.37642
2684	6.36819
2685	6.35019
2686	6.33632
2687	6.33586
2688	6.33471
2689	6.32508
2690	6.31729
2691	6.31913
2692	6.31726
2693	6.30206
2694	6.29243
2695	6.29483
2696	6.28386
2697	6.28303
2698	6.28297
2699	6.2826
2700	6.28371
2701	6.28311
2702	6.28399
2703	6.2829
2704	6.28166
2705	6.28229
2706	6.28209
2707	6.28254
2708	6.28159
2709	6.28452
2710	6.28424
2711	6.28361
2712	6.28216
2713	6.28336
2714	6.27823
2715	6.27848
2716	6.28151
2717	6.28027
2718	6.27777
2719	6.27994
2720	6.27848
2721	6.27946
2722	6.27987
2723	6.27854
2724	6.28374
2725	6.28927
2726	6.2953
2727	6.29534
2728	6.29444
2729	6.29684
2730	6.29576
2731	6.2965
2732	6.29761
2733	6.2978
2734	6.29574
2735	6.29596
2736	6.29588
2737	6.2957
2738	6.31061
2739	6.31896
2740	6.32714
2741	6.33882
2742	6.34915
2743	6.35664
2744	6.3689
2745	6.38528
2746	6.40277
2747	6.42267
2748	6.43914
2749	6.44821
2750	6.4544
2751	6.45868
2752	6.45985
2753	6.46396
2754	6.46576
2755	6.47466
2756	6.49324
2757	6.51047
2758	6.52145
2759	6.52401
2760	6.5241
2761	6.52662
2762	6.53584
2763	6.54925
2764	6.57082
2765	6.58355
2766	6.59471
2767	6.60375
2768	6.60098
2769	6.59493
2770	6.58241
2771	6.58475
2772	6.58199
2773	6.58358
2774	6.5864
2775	6.58805
2776	6.60651
2777	6.62486
2778	6.63376
2779	6.63152
2780	6.62989
2781	6.61906
2782	6.60568
2783	6.59796
2784	6.59799
2785	6.59832
2786	6.60903
2787	6.61833
2788	6.62814
2789	6.63365
2790	6.64391
2791	6.64158
2792	6.66065
2793	6.67651
2794	6.69078
2795	6.71063
2796	6.71917
2797	6.7239
2798	6.72422
2799	6.73296
2800	6.74956
2801	6.7615
2802	6.77156
2803	6.79005
2804	6.80172
2805	6.80667
2806	6.81424
2807	6.82309
2808	6.84126
2809	6.85936
2810	6.87892
2811	6.90063
2812	6.90322
2813	6.90389
2814	6.91073
2815	6.91489
2816	6.93192
2817	6.94304
2818	6.94436
2819	6.9411
2820	6.94305
2821	6.94392
2822	6.94355
2823	6.94426
2824	6.93823
2825	6.93197
2826	6.92834
2827	6.93011
2828	6.93092
2829	6.92859
2830	6.92856
2831	6.92819
2832	6.92663
2833	6.92639
2834	6.92894
2835	6.92935
2836	6.92683
2837	6.92663
2838	6.90736
2839	6.89672
2840	6.90105
2841	6.90795
2842	6.90512
2843	6.89266
2844	6.8891
2845	6.87089
2846	6.85046
2847	6.8288
2848	6.80942
2849	6.80026
2850	6.79547
2851	6.78901
2852	6.78713
2853	6.7803
2854	6.79184
2855	6.7994
2856	6.78806
2857	6.76971
2858	6.75853
2859	6.75499
2860	6.76918
2861	6.7756
2862	6.78185
2863	6.772
2864	6.7541
2865	6.74068
2866	6.72564
2867	6.71224
2868	6.69941
2869	6.69325
2870	6.6867
2871	6.68524
2872	6.68422
2873	6.68411
2874	6.67615
2875	6.65984
2876	6.64135
2877	6.62235
2878	6.61557
2879	6.61465
2880	6.61222
2881	6.61684
2882	6.61847
2883	6.62051
2884	6.63494
2885	6.64347
2886	6.63021
2887	6.62167
2888	6.62163
2889	6.60964
2890	6.60121
2891	6.60187
2892	6.58351
2893	6.56989
2894	6.56349
2895	6.5445
2896	6.53721
2897	6.5307
2898	6.53708
2899	6.52805
2900	6.51246
2901	6.50255
2902	6.49261
2903	6.47652
2904	6.47619
2905	6.47137
2906	6.46487
2907	6.45768
2908	6.44205
2909	6.42358
2910	6.40619
2911	6.38773
2912	6.40173
2913	6.4167
2914	6.42382
2915	6.43794
2916	6.4349
2917	6.42507
2918	6.42875
2919	6.43017
2920	6.43156
2921	6.43495
2922	6.4358
2923	6.43518
2924	6.43552
2925	6.43562
2926	6.43431
2927	6.43273
2928	6.43316
2929	6.43369
2930	6.44743
2931	6.4525
2932	6.45488
2933	6.45624
2934	6.45477
2935	6.45399
2936	6.45594
2937	6.45703
2938	6.45863
2939	6.45893
2940	6.44512
2941	6.42653
2942	6.41923
2943	6.41677
2944	6.40756
2945	6.40922
2946	6.40981
2947	6.40921
2948	6.40952
2949	6.41011
2950	6.40994
2951	6.41145
2952	6.41362
2953	6.41333
2954	6.4018
2955	6.39208
2956	6.3897
2957	6.3946
2958	6.39448
2959	6.3957
2960	6.38361
2961	6.376
2962	6.36248
2963	6.35865
2964	6.3582
2965	6.3585
2966	6.35885
2967	6.35676
2968	6.35666
2969	6.35696
2970	6.35825
2971	6.34889
2972	6.33819
2973	6.32176
2974	6.3123
2975	6.31103
2976	6.3111
2977	6.31056
2978	6.31457
2979	6.316
2980	6.32449
2981	6.32796
2982	6.3331
2983	6.33901
2984	6.33395
2985	6.32637
2986	6.32771
2987	6.32745
2988	6.33368
