000001 -1
000016 -1
000031 -1
000046 -1
000061 -1
000076 -1
000091 -1
000106 -1
000121 -1
000136 -1
000151 -1
000166 -1
000181 -1
000196 -1
000211 -1
000226 -1
000241 -1
000256 -1
000271 -1
000286 -1
000301 -1
000316 -1
000331 -1
000346 -1
000361 -1
000376 -1
000391 -1
000406 -1
000421 -1
000436 -1
000451 -1
000466 -1
000481 -1
000496 -1
000511 -1
000526 -1
000541 -1
000556 -1
000571 -1
000586 -1
000601 -1
000616 -1
000631 -1
000646 -1
000661 -1
000676 -1
000691 1
000706 1
000721 1
000736 1
000751 1
000766 1
000781 1
000796 1
000811 1
000826 1
000841 1
000856 1
000871 1
000886 1
000901 1
000916 1
000931 1
000946 1
000961 1
000976 1
000991 1
001006 1
001021 1
001036 1
001051 1
001066 1
001081 1
001096 1
001111 1
001126 1
001141 1
001156 1
001171 1
001186 1
001201 1
001216 1
001231 1
001246 1
001261 1
001276 1
001291 1
001306 1
001321 1
001336 1
001351 1
001366 1
001381 1
001396 1
001411 1
001426 1
001441 1
001456 1
001471 1
001486 1
001501 1
001516 1
001531 1
001546 1
001561 1
001576 1
001591 1
001606 1
001621 1
001636 1
001651 1
001666 1
001681 1
001696 1
001711 1
001726 1
001741 1
001756 1
001771 1
001786 1
001801 1
001816 1
001831 1
001846 1
001861 1
001876 1
001891 1
001906 1
001921 1
001936 1
001951 1
001966 1
001981 1
001996 1
002011 1
002026 1
002041 1
002056 1
002071 1
002086 1
002101 1
002116 1
002131 1
002146 1
002161 1
002176 1
002191 1
002206 1
002221 1
002236 1
002251 1
002266 1
002281 1
002296 1
002311 1
002326 1
002341 1
002356 1
002371 1
002386 1
002401 1
002416 1
002431 1
002446 1
002461 1
002476 1
002491 1
002506 1
002521 1
002536 1
002551 1
002566 1
002581 1
002596 1
002611 1
002626 1
002641 1
002656 1
002671 1
002686 1
002701 1
002716 1
002731 1
002746 1
002761 1
002776 1
002791 1
002806 1
002821 1
002836 1
002851 1
002866 1
002881 1
002896 1
002911 -1
002926 -1
002941 -1
002956 -1
