000001
000016
000031
000046
000061
000076
000091
000106
000121
000136
000151
000166
000181
000196
000211
000226
000241
000256
000271
000286
000301
000316
000331
000346
000361
000376
000391
000406
000421
000436
000451
000466
000481
000496
000511
000526
000541
000556
000571
000586
000601
000616
000631
000646
000661
000676
000691
000706
000721
000736
000751
000766
000781
000796
000811
000826
000841
000856
000871
000886
000901
000916
000931
000946
000961
000976
000991
001006
001021
001036
001051
001066
001081
001096
001111
001126
001141
001156
001171
001186
001201
001216
001231
001246
001261
001276
001291
001306
001321
001336
001351
001366
001381
001396
001411
001426
001441
001456
001471
001486
001501
001516
001531
001546
001561
001576
001591
001606
001621
001636
001651
001666
001681
001696
001711
001726
001741
001756
001771
001786
001801
001816
001831
001846
001861
001876
001891
001906
001921
001936
001951
001966
001981
001996
002011
002026
002041
002056
002071
002086
002101
002116
002131
002146
002161
002176
002191
002206
002221
002236
002251
002266
002281
002296
002311
002326
002341
002356
002371
002386
002401
002416
002431
002446
002461
002476
002491
002506
002521
002536
002551
002566
002581
002596
002611
002626
002641
002656
002671
002686
002701
002716
002731
002746
002761
002776
002791
002806
002821
002836
002851
002866
002881
002896
002911
002926
002941
002956