frame_no	rate
0	inf
1	15.3624
2	11.1694
3	10.1366
4	9.34096
5	8.91288
6	8.72527
7	8.45212
8	8.11572
9	7.93968
10	7.74438
11	7.53896
12	7.45354
13	7.30966
14	7.15585
15	7.0335
16	6.93133
17	6.84307
18	6.78311
19	6.71463
20	6.66102
21	6.60922
22	6.55882
23	6.51367
24	6.47281
25	6.43548
26	6.46152
27	6.47615
28	6.47553
29	6.44643
30	6.47293
31	6.47085
32	6.4481
33	6.42096
34	6.40087
35	6.40209
36	6.40671
37	6.39156
38	6.36884
39	6.36013
40	6.35542
41	6.34071
42	6.3224
43	6.30485
44	6.28924
45	6.27684
46	6.26124
47	6.26084
48	6.24737
49	6.23386
50	6.21905
51	6.20714
52	6.19495
53	6.18356
54	6.1719
55	6.1617
56	6.15307
57	6.14313
58	6.1338
59	6.12509
60	6.11674
61	6.10573
62	6.09828
63	6.09063
64	6.08243
65	6.07517
66	6.06714
67	6.06119
68	6.05419
69	6.04788
70	6.04142
71	6.03436
72	6.02851
73	6.02285
74	6.01812
75	6.01282
76	6.00666
77	6.01869
78	6.02172
79	6.01675
80	6.01167
81	6.00734
82	6.00303
83	5.9985
84	5.99434
85	5.98959
86	5.9854
87	5.97946
88	5.97492
89	5.97104
90	5.96706
91	5.96328
92	5.95986
93	5.95652
94	5.95134
95	5.94816
96	5.94465
97	5.94114
98	5.93849
99	5.93469
100	5.87309
101	5.85831
102	5.8443
103	5.82545
104	5.81298
105	5.80039
106	5.78439
107	5.77339
108	5.76784
109	5.75909
110	5.75352
111	5.7514
112	5.74289
113	5.74092
114	5.74233
115	5.7423
116	5.74234
117	5.74264
118	5.73987
119	5.73991
120	5.73904
121	5.7383
122	5.73859
123	5.73857
124	5.73789
125	5.73774
126	5.72484
127	5.71411
128	5.71931
129	5.72583
130	5.71195
131	5.70588
132	5.70374
133	5.70353
134	5.70174
135	5.69348
136	5.68468
137	5.68189
138	5.68207
139	5.67818
140	5.67319
141	5.67153
142	5.67111
143	5.67108
144	5.66862
145	5.66674
146	5.66672
147	5.66086
148	5.66061
149	5.65895
150	5.65942
151	5.65891
152	5.65893
153	5.65875
154	5.65861
155	5.65816
156	5.65721
157	5.657
158	5.65675
159	5.65651
160	5.65503
161	5.65741
162	5.66744
163	5.67244
164	5.67806
165	5.67931
166	5.67948
167	5.67873
168	5.69161
169	5.69845
170	5.69982
171	5.70013
172	5.69973
173	5.69939
174	5.71173
175	5.71907
176	5.73142
177	5.72627
178	5.72183
179	5.72565
180	5.73115
181	5.73032
182	5.72964
183	5.72928
184	5.73009
185	5.7304
186	5.73016
187	5.73167
188	5.73839
189	5.73722
190	5.73701
191	5.73547
192	5.73523
193	5.74644
194	5.7551
195	5.75511
196	5.75458
197	5.75467
198	5.7539
199	5.75324
200	5.75323
201	5.75165
202	5.75243
203	5.75385
204	5.76081
205	5.76308
206	5.76167
207	5.76171
208	5.76265
209	5.76306
210	5.76319
211	5.76475
212	5.76503
213	5.76538
214	5.76532
215	5.76597
216	5.7662
217	5.76609
218	5.7671
219	5.76751
220	5.76744
221	5.76752
222	5.76818
223	5.76738
224	5.76857
225	5.76918
226	5.7704
227	5.7711
228	5.75823
229	5.75134
230	5.75249
231	5.75206
232	5.75341
233	5.75669
234	5.75823
235	5.75918
236	5.76104
237	5.76229
238	5.76338
239	5.76446
240	5.76505
241	5.76721
242	5.76911
243	5.77881
244	5.78528
245	5.78707
246	5.78909
247	5.79025
248	5.79189
249	5.79595
250	5.79579
251	5.79458
252	5.79504
253	5.79665
254	5.79816
255	5.80022
256	5.80278
257	5.81076
258	5.81468
259	5.81705
260	5.82172
261	5.83171
262	5.82515
263	5.82178
264	5.81875
265	5.81924
266	5.82163
267	5.83494
268	5.82765
269	5.82326
270	5.82486
271	5.82789
272	5.83097
273	5.83355
274	5.82313
275	5.81849
276	5.80968
277	5.80582
278	5.80789
279	5.8076
280	5.80544
281	5.8093
282	5.82337
283	5.83192
284	5.83459
285	5.83828
286	5.84221
287	5.84579
288	5.84284
289	5.8478
290	5.85263
291	5.85791
292	5.8622
293	5.8545
294	5.85082
295	5.85498
296	5.86016
297	5.8649
298	5.86973
299	5.87544
300	5.88027
301	5.88492
302	5.88963
303	5.89433
304	5.89208
305	5.8938
306	5.89995
307	5.90502
308	5.91024
309	5.91215
310	5.91599
311	5.92004
312	5.92537
313	5.93037
314	5.93512
315	5.9399
316	5.94465
317	5.94978
318	5.95479
319	5.95892
320	5.96181
321	5.96774
322	5.9725
323	5.979
324	5.98389
325	5.98635
326	5.98994
327	5.99484
328	6.00001
329	6.00498
330	6.00944
331	6.0141
332	6.01873
333	6.02038
334	6.02468
335	6.03024
336	6.03421
337	6.03854
338	6.04289
339	6.05352
340	6.05847
341	6.06118
342	6.0649
343	6.05963
344	6.06021
345	6.06459
346	6.06676
347	6.07135
348	6.0746
349	6.07724
350	6.08328
351	6.09052
352	6.09546
353	6.09917
354	6.10368
355	6.10728
356	6.1104
357	6.10696
358	6.1085
359	6.11127
360	6.11324
361	6.10686
362	6.10747
363	6.1107
364	6.11402
365	6.1174
366	6.12053
367	6.11162
368	6.11072
369	6.1146
370	6.11707
371	6.11986
372	6.12369
373	6.12598
374	6.12826
375	6.13044
376	6.13392
377	6.13599
378	6.13741
379	6.13886
380	6.14086
381	6.14224
382	6.13243
383	6.12878
384	6.12997
385	6.13127
386	6.13269
387	6.13433
388	6.13599
389	6.13684
390	6.13752
391	6.13922
392	6.14034
393	6.1433
394	6.14424
395	6.14485
396	6.14377
397	6.14337
398	6.14387
399	6.14464
400	6.14392
401	6.14521
402	6.14558
403	6.1465
404	6.14679
405	6.1469
406	6.14684
407	6.14624
408	6.15601
409	6.1626
410	6.16411
411	6.16369
412	6.16252
413	6.16257
414	6.16341
415	6.16339
416	6.16386
417	6.16416
418	6.16404
419	6.16516
420	6.16773
421	6.16753
422	6.16681
423	6.16677
424	6.16715
425	6.16978
426	6.17022
427	6.17004
428	6.17106
429	6.17379
430	6.17332
431	6.17263
432	6.17271
433	6.1734
434	6.17329
435	6.17344
436	6.17373
437	6.17404
438	6.17392
439	6.16846
440	6.16816
441	6.16875
442	6.16906
443	6.16997
444	6.17039
445	6.17036
446	6.17177
447	6.17198
448	6.17193
449	6.17305
450	6.17537
451	6.17471
452	6.17547
453	6.17587
454	6.1754
455	6.17578
456	6.17546
457	6.17531
458	6.17584
459	6.17589
460	6.1766
461	6.17627
462	6.17569
463	6.17553
464	6.17491
465	6.1753
466	6.17563
467	6.18589
468	6.19011
469	6.18889
470	6.18799
471	6.18731
472	6.18612
473	6.18756
474	6.18714
475	6.18732
476	6.18572
477	6.18544
478	6.18594
479	6.18572
480	6.18379
481	6.19394
482	6.19362
483	6.20576
484	6.22114
485	6.22933
486	6.22894
487	6.22858
488	6.22841
489	6.22878
490	6.22857
491	6.22865
492	6.22906
493	6.22731
494	6.22766
495	6.22801
496	6.22972
497	6.23024
498	6.23063
499	6.23063
500	6.2317
501	6.22978
502	6.24116
503	6.24601
504	6.2455
505	6.24427
506	6.24437
507	6.25181
508	6.24174
509	6.23791
510	6.23769
511	6.23863
512	6.24
513	6.25141
514	6.2561
515	6.26938
516	6.27729
517	6.27674
518	6.27682
519	6.27678
520	6.27652
521	6.27632
522	6.27693
523	6.27699
524	6.27537
525	6.27566
526	6.2745
527	6.2746
528	6.27342
529	6.27006
530	6.26886
531	6.27011
532	6.2701
533	6.28217
534	6.28784
535	6.28674
536	6.28624
537	6.28624
538	6.28649
539	6.28574
540	6.28585
541	6.28595
542	6.28554
543	6.28426
544	6.28336
545	6.28407
546	6.28429
547	6.28648
548	6.28685
549	6.28627
550	6.28369
551	6.28476
552	6.29872
553	6.31624
554	6.32564
555	6.32469
556	6.32435
557	6.32515
558	6.32492
559	6.32462
560	6.3241
561	6.32393
562	6.3246
563	6.32476
564	6.3248
565	6.32319
566	6.3233
567	6.31245
568	6.30871
569	6.30408
570	6.30394
571	6.30471
572	6.30487
573	6.30473
574	6.31458
575	6.32443
576	6.32956
577	6.32962
578	6.32986
579	6.3309
580	6.33303
581	6.32314
582	6.3221
583	6.31011
584	6.30806
585	6.31221
586	6.32637
587	6.33842
588	6.35428
589	6.36822
590	6.37811
591	6.37856
592	6.3788
593	6.38906
594	6.40301
595	6.41775
596	6.43375
597	6.44434
598	6.45852
599	6.46722
600	6.46764
601	6.46922
602	6.45814
603	6.45416
604	6.46618
605	6.48004
606	6.49614
607	6.50016
608	6.5112
609	6.52886
610	6.54161
611	6.55212
612	6.55056
613	6.53779
614	6.53201
615	6.5182
616	6.50958
617	6.50972
618	6.508
619	6.50757
620	6.5079
621	6.5085
622	6.50859
623	6.5074
624	6.50872
625	6.50839
626	6.50996
627	6.50974
628	6.51048
629	6.51064
630	6.51234
631	6.51237
632	6.51251
633	6.50018
634	6.49414
635	6.4954
636	6.49572
637	6.49568
638	6.49609
639	6.4954
640	6.49265
641	6.49278
642	6.49334
643	6.49344
644	6.49399
645	6.49472
646	6.49446
647	6.49178
648	6.49193
649	6.4923
650	6.49248
651	6.49021
652	6.48691
653	6.47356
654	6.46333
655	6.46382
656	6.46492
657	6.46465
658	6.46449
659	6.46477
660	6.46397
661	6.46368
662	6.46524
663	6.46529
664	6.46499
665	6.46624
666	6.46576
667	6.46605
668	6.46498
669	6.46981
670	6.47084
671	6.47117
672	6.48557
673	6.49134
674	6.48148
675	6.47079
676	6.46497
677	6.46575
678	6.46551
679	6.46666
680	6.46627
681	6.46614
682	6.46833
683	6.46641
684	6.4516
685	6.43855
686	6.42478
687	6.42591
688	6.41653
689	6.40267
690	6.39298
691	6.39267
692	6.39197
693	6.38182
694	6.36814
695	6.35194
696	6.33686
697	6.32744
698	6.31255
699	6.30426
700	6.30268
701	6.30264
702	6.30097
703	6.2998
704	6.28903
705	6.27824
706	6.26374
707	6.25404
708	6.24367
709	6.2282
710	6.21565
711	6.20518
712	6.2066
713	6.20688
714	6.2072
715	6.20796
716	6.20713
717	6.20851
718	6.21114
719	6.21135
720	6.21152
721	6.20977
722	6.20888
723	6.21029
724	6.21116
725	6.21165
726	6.2119
727	6.2111
728	6.21154
729	6.21194
730	6.21215
731	6.21239
732	6.21245
733	6.2123
734	6.21293
735	6.21254
736	6.21303
737	6.21272
738	6.21241
739	6.21357
740	6.21658
741	6.21668
742	6.21661
743	6.21721
744	6.21748
745	6.21629
746	6.21675
747	6.21692
748	6.21627
749	6.21546
750	6.21582
751	6.218
752	6.20766
753	6.20307
754	6.2039
755	6.21196
756	6.21143
757	6.21221
758	6.21109
759	6.21118
760	6.21186
761	6.21305
762	6.212
763	6.21219
764	6.21279
765	6.2129
766	6.21259
767	6.21309
768	6.21379
769	6.21271
770	6.21524
771	6.22841
772	6.22331
773	6.218
774	6.22492
775	6.23683
776	6.24507
777	6.24705
778	6.25222
779	6.26173
780	6.27103
781	6.27662
782	6.27748
783	6.28022
784	6.28335
785	6.29435
786	6.29899
787	6.28711
788	6.29174
789	6.29529
790	6.30814
791	6.30746
792	6.30603
793	6.30589
794	6.30548
795	6.30604
796	6.30573
797	6.30605
798	6.30756
799	6.30598
800	6.30579
801	6.30637
802	6.30719
803	6.30728
804	6.30737
805	6.30911
806	6.30968
807	6.30927
808	6.30948
809	6.30997
810	6.3111
811	6.31111
812	6.31224
813	6.31254
814	6.31277
815	6.3124
816	6.31387
817	6.3141
818	6.31359
819	6.31489
820	6.31527
821	6.31729
822	6.31913
823	6.31937
824	6.31748
825	6.31964
826	6.31832
827	6.3203
828	6.32022
829	6.32105
830	6.32157
831	6.3217
832	6.32221
833	6.32166
834	6.32189
835	6.32298
836	6.32306
837	6.32399
838	6.32389
839	6.32374
840	6.32388
841	6.32328
842	6.32327
843	6.32373
844	6.33511
845	6.33767
846	6.33802
847	6.33864
848	6.33928
849	6.34027
850	6.34033
851	6.3404
852	6.34004
853	6.34048
854	6.34104
855	6.33332
856	6.33405
857	6.33467
858	6.33639
859	6.33736
860	6.33787
861	6.33603
862	6.33605
863	6.33678
864	6.33665
865	6.33639
866	6.34833
867	6.35204
868	6.35142
869	6.35275
870	6.35036
871	6.33668
872	6.32847
873	6.3284
874	6.32237
875	6.31061
876	6.30314
877	6.30043
878	6.29539
879	6.28414
880	6.27526
881	6.27
882	6.26878
883	6.26768
884	6.26522
885	6.25453
886	6.24996
887	6.24973
888	6.23922
889	6.23684
890	6.22435
891	6.22501
892	6.2256
893	6.22519
894	6.22601
895	6.22739
896	6.22795
897	6.23345
898	6.23612
899	6.23802
900	6.23893
901	6.23994
902	6.24425
903	6.25039
904	6.25861
905	6.26366
906	6.26394
907	6.26904
908	6.27414
909	6.27723
910	6.28606
911	6.30196
912	6.30961
913	6.30987
914	6.30985
915	6.30992
916	6.30981
917	6.3088
918	6.30791
919	6.30533
920	6.30545
921	6.30531
922	6.30487
923	6.30605
924	6.30929
925	6.30699
926	6.30758
927	6.30545
928	6.30533
929	6.30661
930	6.30682
931	6.32017
932	6.3256
933	6.32717
934	6.33377
935	6.34023
936	6.34267
937	6.34276
938	6.34318
939	6.35132
940	6.35408
941	6.35441
942	6.36701
943	6.37538
944	6.37226
945	6.37911
946	6.38537
947	6.38716
948	6.38785
949	6.38726
950	6.3872
951	6.38695
952	6.38719
953	6.38706
954	6.3869
955	6.3875
956	6.38794
957	6.38681
958	6.38665
959	6.38718
960	6.38773
961	6.39888
962	6.40631
963	6.40608
964	6.40575
965	6.40597
966	6.39461
967	6.39149
968	6.39213
969	6.3925
970	6.39284
971	6.39269
972	6.39243
973	6.39198
974	6.39138
975	6.39182
976	6.39197
977	6.39257
978	6.39277
979	6.3936
980	6.39365
981	6.40445
982	6.40832
983	6.40806
984	6.40843
985	6.40825
986	6.40833
987	6.40765
988	6.40716
989	6.40673
990	6.40686
991	6.4071
992	6.40814
993	6.4089
994	6.40894
995	6.40846
996	6.40783
997	6.40173
998	6.39896
999	6.39904
1000	6.39981
1001	6.39847
1002	6.3943
1003	6.38791
1004	6.3798
1005	6.37228
1006	6.37166
1007	6.36607
1008	6.36092
1009	6.35665
1010	6.34859
1011	6.33396
1012	6.33697
1013	6.34875
1014	6.36147
1015	6.37432
1016	6.38647
1017	6.39851
1018	6.41112
1019	6.42537
1020	6.43761
1021	6.44993
1022	6.46241
1023	6.47316
1024	6.47945
1025	6.48072
1026	6.48166
1027	6.49541
1028	6.49991
1029	6.49837
1030	6.49602
1031	6.4815
1032	6.47563
1033	6.47335
1034	6.46571
1035	6.45836
1036	6.45541
1037	6.45543
1038	6.45533
1039	6.44681
1040	6.44285
1041	6.44318
1042	6.43048
1043	6.42134
1044	6.41241
1045	6.40286
1046	6.39587
1047	6.3943
1048	6.39416
1049	6.39406
1050	6.39468
1051	6.39474
1052	6.39458
1053	6.39421
1054	6.3938
1055	6.39305
1056	6.39229
1057	6.39227
1058	6.39281
1059	6.39122
1060	6.3907
1061	6.39467
1062	6.39288
1063	6.39297
1064	6.39354
1065	6.39434
1066	6.39501
1067	6.39483
1068	6.39519
1069	6.40725
1070	6.41952
1071	6.43171
1072	6.4439
1073	6.44525
1074	6.44527
1075	6.44527
1076	6.44471
1077	6.44504
1078	6.44507
1079	6.4455
1080	6.44622
1081	6.43531
1082	6.43236
1083	6.43313
1084	6.43537
1085	6.43568
1086	6.43571
1087	6.44819
1088	6.45275
1089	6.45265
1090	6.45296
1091	6.4534
1092	6.45316
1093	6.45323
1094	6.45348
1095	6.45331
1096	6.45439
1097	6.45466
1098	6.45481
1099	6.45504
1100	6.45535
1101	6.45606
1102	6.45589
1103	6.45605
1104	6.45579
1105	6.45607
1106	6.45663
1107	6.45701
1108	6.4567
1109	6.45721
1110	6.45571
1111	6.45475
1112	6.44364
1113	6.43002
1114	6.41698
1115	6.40337
1116	6.39109
1117	6.37955
1118	6.36746
1119	6.35516
1120	6.34101
1121	6.32905
1122	6.31697
1123	6.3051
1124	6.29709
1125	6.29618
1126	6.29601
1127	6.28474
1128	6.28062
1129	6.28045
1130	6.28096
1131	6.28137
1132	6.28335
1133	6.28295
1134	6.28327
1135	6.2829
1136	6.28335
1137	6.28321
1138	6.28291
1139	6.2829
1140	6.28391
1141	6.28315
1142	6.28381
1143	6.28359
1144	6.28455
1145	6.28459
1146	6.28498
1147	6.28482
1148	6.28491
1149	6.28536
1150	6.2853
1151	6.28527
1152	6.28541
1153	6.28581
1154	6.28691
1155	6.28747
1156	6.28772
1157	6.28763
1158	6.28653
1159	6.28744
1160	6.28746
1161	6.27461
1162	6.26991
1163	6.27014
1164	6.27032
1165	6.27012
1166	6.27174
1167	6.27152
1168	6.2706
1169	6.25901
1170	6.2474
1171	6.24336
1172	6.23266
1173	6.2318
1174	6.23163
1175	6.23178
1176	6.23237
1177	6.23212
1178	6.23192
1179	6.23123
1180	6.22995
1181	6.23002
1182	6.22954
1183	6.2292
1184	6.22712
1185	6.22735
1186	6.22745
1187	6.21636
1188	6.2112
1189	6.21093
1190	6.21072
1191	6.21013
1192	6.21049
1193	6.21028
1194	6.2099
1195	6.2105
1196	6.20979
1197	6.20872
1198	6.20896
1199	6.21918
1200	6.22257
1201	6.22211
1202	6.22277
1203	6.22236
1204	6.22101
1205	6.22057
1206	6.21999
1207	6.22007
1208	6.22022
1209	6.22001
1210	6.22169
1211	6.22153
1212	6.22073
1213	6.22162
1214	6.22157
1215	6.22757
1216	6.23229
1217	6.23796
1218	6.24291
1219	6.24805
1220	6.25492
1221	6.25963
1222	6.26531
1223	6.27089
1224	6.27737
1225	6.28221
1226	6.28263
1227	6.28257
1228	6.28217
1229	6.28168
1230	6.28277
1231	6.28269
1232	6.28053
1233	6.2809
1234	6.28078
1235	6.28108
1236	6.27946
1237	6.27982
1238	6.27973
1239	6.27895
1240	6.27861
1241	6.27957
1242	6.27878
1243	6.27933
1244	6.27829
1245	6.27802
1246	6.27768
1247	6.27729
1248	6.27681
1249	6.27655
1250	6.27484
1251	6.27488
1252	6.27447
1253	6.27412
1254	6.27288
1255	6.27232
1256	6.27203
1257	6.27215
1258	6.27296
1259	6.27206
1260	6.27089
1261	6.27046
1262	6.26974
1263	6.26914
1264	6.26894
1265	6.26906
1266	6.26584
1267	6.26547
1268	6.26671
1269	6.2665
1270	6.26815
1271	6.26101
1272	6.26062
1273	6.26074
1274	6.26038
1275	6.26016
1276	6.2599
1277	6.2599
1278	6.25974
1279	6.25936
1280	6.2581
1281	6.25881
1282	6.25805
1283	6.25814
1284	6.25798
1285	6.25775
1286	6.25733
1287	6.25752
1288	6.25904
1289	6.25901
1290	6.25961
1291	6.25923
1292	6.25851
1293	6.25854
1294	6.25849
1295	6.25839
1296	6.25856
1297	6.25909
1298	6.25875
1299	6.25943
1300	6.25764
1301	6.25762
1302	6.25682
1303	6.25706
1304	6.25838
1305	6.25805
1306	6.25867
1307	6.25857
1308	6.2585
1309	6.25881
1310	6.25817
1311	6.2586
1312	6.25889
1313	6.25885
1314	6.25911
1315	6.25186
1316	6.24663
1317	6.24047
1318	6.23566
1319	6.23142
1320	6.22617
1321	6.2214
1322	6.21354
1323	6.20824
1324	6.2135
1325	6.21412
1326	6.21403
1327	6.21474
1328	6.21487
1329	6.21514
1330	6.21485
1331	6.21472
1332	6.21339
1333	6.214
1334	6.21371
1335	6.21377
1336	6.21587
1337	6.21527
1338	6.21509
1339	6.2137
1340	6.21454
1341	6.21383
1342	6.21358
1343	6.21348
1344	6.21253
1345	6.21276
1346	6.21241
1347	6.2123
1348	6.21321
1349	6.21997
1350	6.22178
1351	6.22177
1352	6.22249
1353	6.2253
1354	6.23305
1355	6.24469
1356	6.26152
1357	6.27084
1358	6.271
1359	6.27166
1360	6.27185
1361	6.27207
1362	6.27175
1363	6.27171
1364	6.2721
1365	6.27147
1366	6.27231
1367	6.27252
1368	6.28064
1369	6.28466
1370	6.28241
1371	6.28168
1372	6.28152
1373	6.28037
1374	6.28009
1375	6.29216
1376	6.29506
1377	6.30554
1378	6.30785
1379	6.30777
1380	6.30955
1381	6.30848
1382	6.30894
1383	6.30838
1384	6.30775
1385	6.30777
1386	6.30789
1387	6.30755
1388	6.30765
1389	6.30737
1390	6.30685
1391	6.3071
1392	6.30757
1393	6.30743
1394	6.30492
1395	6.30517
1396	6.30482
1397	6.30482
1398	6.30373
1399	6.29241
1400	6.29026
1401	6.28966
1402	6.29024
1403	6.28982
1404	6.28936
1405	6.2896
1406	6.2887
1407	6.28817
1408	6.28838
1409	6.28787
1410	6.2874
1411	6.28569
1412	6.28499
1413	6.28505
1414	6.28456
1415	6.28522
1416	6.28481
1417	6.28466
1418	6.29598
1419	6.30919
1420	6.31567
1421	6.31547
1422	6.31756
1423	6.31689
1424	6.30509
1425	6.30887
1426	6.30872
1427	6.3078
1428	6.30808
1429	6.30828
1430	6.30897
1431	6.30891
1432	6.30993
1433	6.3101
1434	6.31049
1435	6.30887
1436	6.30801
1437	6.30787
1438	6.30856
1439	6.31051
1440	6.30665
1441	6.30728
1442	6.30548
1443	6.30558
1444	6.3064
1445	6.30518
1446	6.30566
1447	6.30581
1448	6.30548
1449	6.29686
1450	6.29641
1451	6.29638
1452	6.29594
1453	6.29331
1454	6.28515
1455	6.27335
1456	6.26096
1457	6.2522
1458	6.25098
1459	6.25027
1460	6.25109
1461	6.25023
1462	6.25013
1463	6.25049
1464	6.25015
1465	6.25006
1466	6.25047
1467	6.25028
1468	6.24158
1469	6.23817
1470	6.23807
1471	6.23848
1472	6.23873
1473	6.23973
1474	6.24034
1475	6.22788
1476	6.22535
1477	6.21499
1478	6.21286
1479	6.2127
1480	6.21227
1481	6.22371
1482	6.22923
1483	6.23007
1484	6.23102
1485	6.23148
1486	6.23158
1487	6.23188
1488	6.2318
1489	6.23121
1490	6.23126
1491	6.23136
1492	6.23179
1493	6.23193
1494	6.23464
1495	6.23441
1496	6.23482
1497	6.2349
1498	6.2358
1499	6.2359
1500	6.23555
1501	6.23684
1502	6.23665
1503	6.23774
1504	6.2357
1505	6.23757
1506	6.24933
1507	6.25521
1508	6.26468
1509	6.2773
1510	6.28187
1511	6.28687
1512	6.28967
1513	6.30608
1514	6.31924
1515	6.33297
1516	6.34244
1517	6.35651
1518	6.3563
1519	6.35194
1520	6.34495
1521	6.34494
1522	6.34515
1523	6.34569
1524	6.34563
1525	6.33619
1526	6.33603
1527	6.33648
1528	6.33604
1529	6.33584
1530	6.33774
1531	6.33806
1532	6.33852
1533	6.33861
1534	6.33678
1535	6.33848
1536	6.33831
1537	6.33776
1538	6.33805
1539	6.33999
1540	6.34347
1541	6.34354
1542	6.34582
1543	6.34577
1544	6.34574
1545	6.34532
1546	6.34545
1547	6.34588
1548	6.34627
1549	6.34838
1550	6.34859
1551	6.34896
1552	6.34887
1553	6.3506
1554	6.35173
1555	6.35137
1556	6.34736
1557	6.34727
1558	6.3481
1559	6.34897
1560	6.34876
1561	6.34973
1562	6.3507
1563	6.35045
1564	6.35082
1565	6.35172
1566	6.35126
1567	6.35222
1568	6.34916
1569	6.34715
1570	6.34706
1571	6.3493
1572	6.3587
1573	6.36202
1574	6.36824
1575	6.37213
1576	6.37769
1577	6.38865
1578	6.40052
1579	6.40545
1580	6.41011
1581	6.40139
1582	6.39998
1583	6.40135
1584	6.40581
1585	6.4094
1586	6.41861
1587	6.42702
1588	6.43764
1589	6.44123
1590	6.4419
1591	6.44899
1592	6.45154
1593	6.45145
1594	6.45164
1595	6.45154
1596	6.45158
1597	6.46412
1598	6.47061
1599	6.47045
1600	6.46951
1601	6.46726
1602	6.46681
1603	6.466
1604	6.46783
1605	6.46637
1606	6.45335
1607	6.44773
1608	6.4376
1609	6.42472
1610	6.42032
1611	6.41631
1612	6.4134
1613	6.39644
1614	6.38282
1615	6.36923
1616	6.36201
1617	6.34794
1618	6.33671
1619	6.3268
1620	6.33009
1621	6.33031
1622	6.3303
1623	6.33057
1624	6.33086
1625	6.33205
1626	6.33148
1627	6.33155
1628	6.33391
1629	6.33407
1630	6.33344
1631	6.33366
1632	6.33409
1633	6.33721
1634	6.34017
1635	6.34113
1636	6.34204
1637	6.35167
1638	6.35615
1639	6.35446
1640	6.35501
1641	6.355
1642	6.35483
1643	6.35646
1644	6.35778
1645	6.36015
1646	6.36068
1647	6.36085
1648	6.35798
1649	6.35911
1650	6.35898
1651	6.35902
1652	6.3596
1653	6.35836
1654	6.35862
1655	6.36319
1656	6.37093
1657	6.37115
1658	6.38351
1659	6.39148
1660	6.39525
1661	6.39573
1662	6.39541
1663	6.3954
1664	6.39469
1665	6.39295
1666	6.39314
1667	6.39215
1668	6.397
1669	6.39763
1670	6.39889
1671	6.39659
1672	6.38872
1673	6.38544
1674	6.38907
1675	6.38845
1676	6.38286
1677	6.37171
1678	6.36174
1679	6.37417
1680	6.3847
1681	6.38965
1682	6.39227
1683	6.38984
1684	6.38719
1685	6.38328
1686	6.37647
1687	6.36761
1688	6.3578
1689	6.3555
1690	6.35465
1691	6.3479
1692	6.34483
1693	6.34563
1694	6.35068
1695	6.35558
1696	6.35572
1697	6.3462
1698	6.34011
1699	6.34004
1700	6.34159
1701	6.34301
1702	6.34321
1703	6.34336
1704	6.34409
1705	6.34318
1706	6.34397
1707	6.34412
1708	6.34435
1709	6.34815
1710	6.35647
1711	6.35721
1712	6.36925
1713	6.37863
1714	6.38131
1715	6.39273
1716	6.39845
1717	6.39956
1718	6.40916
1719	6.42101
1720	6.43499
1721	6.44316
1722	6.45041
1723	6.46494
1724	6.47794
1725	6.4851
1726	6.49082
1727	6.49877
1728	6.50349
1729	6.50373
1730	6.5015
1731	6.50043
1732	6.50058
1733	6.51069
1734	6.51625
1735	6.52023
1736	6.52199
1737	6.51317
1738	6.51368
1739	6.523
1740	6.52532
1741	6.53064
1742	6.54441
1743	6.55702
1744	6.57091
1745	6.58945
1746	6.59766
1747	6.60027
1748	6.60666
1749	6.61247
1750	6.62776
1751	6.63496
1752	6.63569
1753	6.63403
1754	6.63941
1755	6.64074
1756	6.63136
1757	6.63028
1758	6.61638
1759	6.60829
1760	6.6019
1761	6.60135
1762	6.6012
1763	6.60139
1764	6.62082
1765	6.63093
1766	6.6335
1767	6.63343
1768	6.63111
1769	6.63347
1770	6.63564
1771	6.63578
1772	6.6341
1773	6.64334
1774	6.64316
1775	6.64613
1776	6.64696
1777	6.65583
1778	6.66313
1779	6.64682
1780	6.64524
1781	6.64455
1782	6.63698
1783	6.64049
1784	6.63872
1785	6.63817
1786	6.63552
1787	6.6347
1788	6.63421
1789	6.63383
1790	6.63393
1791	6.6341
1792	6.63464
1793	6.63382
1794	6.62789
1795	6.62287
1796	6.62226
1797	6.61999
1798	6.62004
1799	6.61948
1800	6.6194
1801	6.61881
1802	6.61635
1803	6.61576
1804	6.61718
1805	6.62314
1806	6.63825
1807	6.64843
1808	6.65945
1809	6.67227
1810	6.67685
1811	6.69094
1812	6.67772
1813	6.67012
1814	6.6679
1815	6.65603
1816	6.64814
1817	6.64717
1818	6.63618
1819	6.62325
1820	6.60632
1821	6.59696
1822	6.58941
1823	6.57389
1824	6.5602
1825	6.55163
1826	6.54653
1827	6.53774
1828	6.52972
1829	6.52884
1830	6.53029
1831	6.53057
1832	6.52957
1833	6.51647
1834	6.50877
1835	6.50377
1836	6.50141
1837	6.5004
1838	6.49393
1839	6.48465
1840	6.48177
1841	6.4764
1842	6.47705
1843	6.46858
1844	6.45468
1845	6.43649
1846	6.42826
1847	6.4253
1848	6.42166
1849	6.42692
1850	6.4176
1851	6.41009
1852	6.40891
1853	6.42184
1854	6.42016
1855	6.41434
1856	6.41503
1857	6.41543
1858	6.4158
1859	6.41538
1860	6.41719
1861	6.41748
1862	6.4181
1863	6.41848
1864	6.40073
1865	6.39271
1866	6.39025
1867	6.3897
1868	6.39016
1869	6.38817
1870	6.3858
1871	6.38567
1872	6.38468
1873	6.37626
1874	6.36611
1875	6.3601
1876	6.3601
1877	6.35226
1878	6.34363
1879	6.3416
1880	6.32852
1881	6.3213
1882	6.32102
1883	6.31849
1884	6.31822
1885	6.31875
1886	6.31908
1887	6.3197
1888	6.3196
1889	6.31955
1890	6.31958
1891	6.31954
1892	6.31934
1893	6.32116
1894	6.32023
1895	6.32004
1896	6.32026
1897	6.32003
1898	6.31959
1899	6.32078
1900	6.32288
1901	6.32324
1902	6.32532
1903	6.32519
1904	6.32383
1905	6.31927
1906	6.30393
1907	6.29523
1908	6.28518
1909	6.26895
1910	6.25707
1911	6.24399
1912	6.24408
1913	6.24156
1914	6.24146
1915	6.23999
1916	6.24022
1917	6.23954
1918	6.2403
1919	6.25002
1920	6.24745
1921	6.24872
1922	6.24886
1923	6.24932
1924	6.26255
1925	6.26753
1926	6.26762
1927	6.27015
1928	6.27092
1929	6.2716
1930	6.27101
1931	6.27168
1932	6.26808
1933	6.2677
1934	6.28207
1935	6.29626
1936	6.30591
1937	6.32162
1938	6.33031
1939	6.33103
1940	6.33122
1941	6.3424
1942	6.33433
1943	6.33815
1944	6.35325
1945	6.36453
1946	6.37498
1947	6.38757
1948	6.39537
1949	6.3883
1950	6.39095
1951	6.39528
1952	6.40476
1953	6.39804
1954	6.40043
1955	6.40273
1956	6.40315
1957	6.40351
1958	6.41329
1959	6.42493
1960	6.43633
1961	6.44138
1962	6.45157
1963	6.45953
1964	6.46492
1965	6.48042
1966	6.489
1967	6.49979
1968	6.50751
1969	6.5135
1970	6.51284
1971	6.5132
1972	6.51485
1973	6.51481
1974	6.5157
1975	6.51829
1976	6.53031
1977	6.54875
1978	6.56816
1979	6.58061
1980	6.58583
1981	6.59621
1982	6.61365
1983	6.62427
1984	6.63367
1985	6.64184
1986	6.64705
1987	6.66263
1988	6.67789
1989	6.68391
1990	6.6984
1991	6.70682
1992	6.71137
1993	6.71358
1994	6.71468
1995	6.71616
1996	6.7176
1997	6.72506
1998	6.73107
1999	6.73074
2000	6.72884
2001	6.73999
2002	6.7492
2003	6.75013
2004	6.74985
2005	6.74984
2006	6.75277
2007	6.76859
2008	6.7828
2009	6.80229
2010	6.81407
2011	6.82955
2012	6.8492
2013	6.84844
2014	6.84943
2015	6.85101
2016	6.84124
2017	6.84433
2018	6.85764
2019	6.86138
2020	6.87732
2021	6.89014
2022	6.89792
2023	6.89657
2024	6.89101
2025	6.88845
2026	6.88439
2027	6.87837
2028	6.87621
2029	6.87359
2030	6.88879
2031	6.89137
2032	6.90326
2033	6.91885
2034	6.88505
2035	6.8775
2036	6.88461
2037	6.88727
2038	6.89016
2039	6.89125
2040	6.88985
2041	6.87667
2042	6.88505
2043	6.87839
2044	6.86051
2045	6.84694
2046	6.83286
2047	6.81844
2048	6.80928
2049	6.80344
2050	6.79442
2051	6.78883
2052	6.77808
2053	6.77612
2054	6.76958
2055	6.76666
2056	6.76605
2057	6.76537
2058	6.75448
2059	6.74096
2060	6.7272
2061	6.72135
2062	6.7102
2063	6.70111
2064	6.69535
2065	6.67735
2066	6.66821
2067	6.65746
2068	6.64901
2069	6.64345
2070	6.64387
2071	6.64342
2072	6.64323
2073	6.64338
2074	6.64186
2075	6.63851
2076	6.62473
2077	6.60424
2078	6.58389
2079	6.57067
2080	6.56324
2081	6.55248
2082	6.53556
2083	6.52562
2084	6.51569
2085	6.50285
2086	6.49785
2087	6.48347
2088	6.46837
2089	6.4628
2090	6.46322
2091	6.4726
2092	6.46873
2093	6.46513
2094	6.46356
2095	6.46177
2096	6.46021
2097	6.45381
2098	6.44736
2099	6.44667
2100	6.4459
2101	6.43654
2102	6.42839
2103	6.44111
2104	6.44986
2105	6.44822
2106	6.44704
2107	6.44369
2108	6.44457
2109	6.43428
2110	6.42349
2111	6.41191
2112	6.41194
2113	6.42121
2114	6.4297
2115	6.4461
2116	6.47191
2117	6.48052
2118	6.47933
2119	6.47451
2120	6.46308
2121	6.45069
2122	6.4433
2123	6.44366
2124	6.43517
2125	6.43167
2126	6.4348
2127	6.43756
2128	6.43892
2129	6.44054
2130	6.43984
2131	6.44387
2132	6.43731
2133	6.43722
2134	6.46071
2135	6.46193
2136	6.45605
2137	6.45259
2138	6.44918
2139	6.45841
2140	6.4671
2141	6.46805
2142	6.45306
2143	6.45582
2144	6.46575
2145	6.4627
2146	6.4625
2147	6.45951
2148	6.45722
2149	6.45624
2150	6.45475
2151	6.45354
2152	6.45028
2153	6.44966
2154	6.44167
2155	6.4385
2156	6.43921
2157	6.43728
2158	6.43477
2159	6.45047
2160	6.4647
2161	6.47984
2162	6.49438
2163	6.50707
2164	6.51161
2165	6.50866
2166	6.50691
2167	6.50478
2168	6.51535
2169	6.51828
2170	6.51646
2171	6.52682
2172	6.54167
2173	6.54894
2174	6.55748
2175	6.55979
2176	6.55732
2177	6.55962
2178	6.56204
2179	6.56058
2180	6.55929
2181	6.57252
2182	6.58944
2183	6.60542
2184	6.60523
2185	6.60702
2186	6.60331
2187	6.60923
2188	6.62666
2189	6.64369
2190	6.64644
2191	6.64549
2192	6.66257
2193	6.67397
2194	6.67231
2195	6.67234
2196	6.68707
2197	6.69655
2198	6.71404
2199	6.71206
2200	6.70703
2201	6.7025
2202	6.69944
2203	6.6945
2204	6.70145
2205	6.71612
2206	6.73166
2207	6.73589
2208	6.73767
2209	6.74768
2210	6.76081
2211	6.77589
2212	6.75721
2213	6.74419
2214	6.72909
2215	6.7259
2216	6.71427
2217	6.71303
2218	6.70116
2219	6.69393
2220	6.69015
2221	6.68838
2222	6.68421
2223	6.68185
2224	6.67968
2225	6.6919
2226	6.70846
2227	6.72653
2228	6.74493
2229	6.75863
2230	6.76041
2231	6.77016
2232	6.77611
2233	6.77602
2234	6.78448
2235	6.78861
2236	6.79322
2237	6.78772
2238	6.79102
2239	6.7982
2240	6.80611
2241	6.82303
2242	6.84307
2243	6.8445
2244	6.83097
2245	6.84704
2246	6.85962
2247	6.87895
2248	6.90144
2249	6.9219
2250	6.94424
2251	6.9665
2252	6.9903
2253	6.99436
2254	7.02277
2255	7.04752
2256	7.05691
2257	7.05913
2258	7.06268
2259	7.05029
2260	7.04682
2261	7.04134
2262	7.03692
2263	7.0358
2264	7.04419
2265	7.0633
2266	7.07829
2267	7.09448
2268	7.10327
2269	7.1206
2270	7.14391
2271	7.15181
2272	7.15421
2273	7.16636
2274	7.17844
2275	7.1971
2276	7.22173
2277	7.24312
2278	7.26252
2279	7.28884
2280	7.31116
2281	7.31357
2282	7.31168
2283	7.30705
2284	7.32903
2285	7.34432
2286	7.36912
2287	7.38368
2288	7.37624
2289	7.3771
2290	7.367
2291	7.34631
2292	7.32601
2293	7.31538
2294	7.32797
2295	7.34227
2296	7.33793
2297	7.34643
2298	7.33828
2299	7.34224
2300	7.35118
2301	7.3742
2302	7.40141
2303	7.41443
2304	7.39434
2305	7.3791
2306	7.36046
2307	7.34002
2308	7.32022
2309	7.30037
2310	7.28502
2311	7.26639
2312	7.26584
2313	7.27084
2314	7.27584
2315	7.25875
2316	7.25067
2317	7.23635
2318	7.23671
2319	7.2347
2320	7.23803
2321	7.24154
2322	7.24668
2323	7.24851
2324	7.25078
2325	7.23688
2326	7.21809
2327	7.19752
2328	7.17579
2329	7.16094
2330	7.1438
2331	7.12541
2332	7.11932
2333	7.10335
2334	7.08284
2335	7.0663
2336	7.04898
2337	7.03724
2338	7.02468
2339	7.00426
2340	6.98594
2341	6.96725
2342	6.94984
2343	6.94041
2344	6.94455
2345	6.93192
2346	6.92057
2347	6.90459
2348	6.88439
2349	6.86616
2350	6.85715
2351	6.84576
2352	6.82733
2353	6.82053
2354	6.80211
2355	6.78334
2356	6.77402
2357	6.78996
2358	6.79643
2359	6.79079
2360	6.78091
2361	6.76893
2362	6.75637
2363	6.74338
2364	6.73055
2365	6.71822
2366	6.70724
2367	6.69438
2368	6.67553
2369	6.65529
2370	6.637
2371	6.62004
2372	6.60193
2373	6.58418
2374	6.56668
2375	6.54983
2376	6.52988
2377	6.51227
2378	6.49524
2379	6.47636
2380	6.46205
2381	6.44842
2382	6.43435
2383	6.42137
2384	6.40581
2385	6.39782
2386	6.38339
2387	6.36623
2388	6.3564
2389	6.34031
2390	6.33215
2391	6.33193
2392	6.3315
2393	6.33838
2394	6.34044
2395	6.33168
2396	6.32193
2397	6.30798
2398	6.30336
2399	6.30203
2400	6.30616
2401	6.29923
2402	6.29213
2403	6.27771
2404	6.27928
2405	6.27836
2406	6.28365
2407	6.28499
2408	6.29718
2409	6.30567
2410	6.30573
2411	6.305
2412	6.30442
2413	6.30517
2414	6.30922
2415	6.3089
2416	6.31264
2417	6.32003
2418	6.31958
2419	6.31924
2420	6.31977
2421	6.32355
2422	6.32343
2423	6.32496
2424	6.32506
2425	6.32579
2426	6.3263
2427	6.32614
2428	6.32727
2429	6.32771
2430	6.32735
2431	6.32704
2432	6.32625
2433	6.32621
2434	6.32878
2435	6.33421
2436	6.33415
2437	6.33473
2438	6.33732
2439	6.35227
2440	6.36797
2441	6.37796
2442	6.38111
2443	6.38682
2444	6.39254
2445	6.40468
2446	6.41366
2447	6.4171
2448	6.41763
2449	6.42603
2450	6.41829
2451	6.41155
2452	6.41073
2453	6.4111
2454	6.41105
2455	6.41137
2456	6.4114
2457	6.39602
2458	6.39625
2459	6.39888
2460	6.41547
2461	6.41532
2462	6.41539
2463	6.41585
2464	6.42821
2465	6.4338
2466	6.43377
2467	6.43436
2468	6.43407
2469	6.43586
2470	6.44649
2471	6.44812
2472	6.44664
2473	6.44685
2474	6.44565
2475	6.44606
2476	6.4482
2477	6.448
2478	6.44782
2479	6.44747
2480	6.44771
2481	6.44709
2482	6.44703
2483	6.44792
2484	6.44734
2485	6.44661
2486	6.44603
2487	6.44676
2488	6.44639
2489	6.44641
2490	6.44584
2491	6.44532
2492	6.44519
2493	6.43538
2494	6.42637
2495	6.42403
2496	6.42412
2497	6.43392
2498	6.43236
2499	6.4327
2500	6.42608
2501	6.41917
2502	6.40922
2503	6.4065
2504	6.40535
2505	6.40553
2506	6.39929
2507	6.39763
2508	6.38493
2509	6.37644
2510	6.37739
2511	6.37735
2512	6.37784
2513	6.37675
2514	6.37277
2515	6.37302
2516	6.36983
2517	6.36447
2518	6.36489
2519	6.36455
2520	6.36255
2521	6.35656
2522	6.36866
2523	6.37058
2524	6.37055
2525	6.36978
2526	6.36871
2527	6.36732
2528	6.36787
2529	6.36731
2530	6.36733
2531	6.36726
2532	6.36758
2533	6.36676
2534	6.36486
2535	6.36013
2536	6.35996
2537	6.35972
2538	6.35746
2539	6.34235
2540	6.32706
2541	6.31784
2542	6.31411
2543	6.30867
2544	6.30229
2545	6.29068
2546	6.28277
2547	6.29091
2548	6.29673
2549	6.28858
2550	6.28744
2551	6.28754
2552	6.2874
2553	6.2872
2554	6.28752
2555	6.28775
2556	6.28715
2557	6.28938
2558	6.28329
2559	6.28113
2560	6.26419
2561	6.26331
2562	6.26388
2563	6.26331
2564	6.25041
2565	6.2451
2566	6.24534
2567	6.24572
2568	6.24638
2569	6.24652
2570	6.23672
2571	6.23514
2572	6.24781
2573	6.25308
2574	6.25651
2575	6.25478
2576	6.25509
2577	6.25456
2578	6.25507
2579	6.25587
2580	6.25638
2581	6.25672
2582	6.25706
2583	6.25714
2584	6.26343
2585	6.26495
2586	6.26439
2587	6.26474
2588	6.26518
2589	6.26493
2590	6.26387
2591	6.26349
2592	6.26334
2593	6.26245
2594	6.26299
2595	6.26343
2596	6.2631
2597	6.2533
2598	6.25129
2599	6.25122
2600	6.24989
2601	6.24942
2602	6.2488
2603	6.24833
2604	6.24823
2605	6.24753
2606	6.24854
2607	6.24893
2608	6.24916
2609	6.24887
2610	6.24809
2611	6.2463
2612	6.24641
2613	6.24677
2614	6.247
2615	6.2472
2616	6.24621
2617	6.24597
2618	6.24582
2619	6.24678
2620	6.24783
2621	6.26078
2622	6.25451
2623	6.25178
2624	6.25356
2625	6.25404
2626	6.25433
2627	6.25612
2628	6.25561
2629	6.25578
2630	6.25408
2631	6.25395
2632	6.2549
2633	6.25539
2634	6.25518
2635	6.25476
2636	6.25437
2637	6.25417
2638	6.25409
2639	6.25392
2640	6.25483
2641	6.25483
2642	6.25444
2643	6.25482
2644	6.25464
2645	6.255
2646	6.25483
2647	6.25535
2648	6.25338
2649	6.25509
2650	6.25466
2651	6.25472
2652	6.25469
2653	6.25428
2654	6.2544
2655	6.25361
2656	6.25342
2657	6.25254
2658	6.25262
2659	6.2522
2660	6.2526
2661	6.25398
2662	6.25207
2663	6.25265
2664	6.25399
2665	6.2529
2666	6.25245
2667	6.25063
2668	6.25041
2669	6.25029
2670	6.25037
2671	6.25004
2672	6.23981
2673	6.23435
2674	6.23197
2675	6.23399
2676	6.23322
2677	6.23371
2678	6.23185
2679	6.23143
2680	6.23166
2681	6.23093
2682	6.23011
2683	6.23024
2684	6.22392
2685	6.22323
2686	6.2233
2687	6.22324
2688	6.22357
2689	6.22372
2690	6.2234
2691	6.22417
2692	6.22428
2693	6.22429
2694	6.22361
2695	6.22417
2696	6.22434
2697	6.22312
2698	6.2236
2699	6.22473
2700	6.22702
2701	6.22761
2702	6.22835
2703	6.23297
2704	6.23515
2705	6.23695
2706	6.2372
2707	6.23638
2708	6.23638
2709	6.2361
2710	6.23629
2711	6.24359
2712	6.24422
2713	6.24374
2714	6.24721
2715	6.24726
2716	6.2477
2717	6.2583
2718	6.26217
2719	6.26103
2720	6.26543
2721	6.25408
2722	6.24988
2723	6.25535
2724	6.25294
2725	6.25263
2726	6.2533
2727	6.25267
2728	6.25276
2729	6.25877
2730	6.26089
2731	6.2641
2732	6.26541
2733	6.27034
2734	6.27574
2735	6.28996
2736	6.29866
2737	6.30423
2738	6.30824
2739	6.30872
2740	6.32032
2741	6.32343
2742	6.33542
2743	6.34078
2744	6.34098
2745	6.34041
2746	6.34278
2747	6.33081
2748	6.32647
2749	6.32451
2750	6.32417
2751	6.3247
2752	6.33755
2753	6.34271
2754	6.34232
2755	6.3551
2756	6.35538
2757	6.35491
2758	6.3548
2759	6.35373
2760	6.35415
2761	6.35409
2762	6.35605
2763	6.35655
2764	6.36503
2765	6.36595
2766	6.36536
2767	6.37529
2768	6.38064
2769	6.38559
2770	6.39436
2771	6.40253
2772	6.40629
2773	6.41063
2774	6.42104
2775	6.42421
2776	6.43417
2777	6.44357
2778	6.45233
2779	6.46061
2780	6.46423
2781	6.46328
2782	6.47155
2783	6.48049
2784	6.48133
2785	6.48114
2786	6.48148
2787	6.48148
2788	6.48114
2789	6.4819
2790	6.48412
2791	6.48383
2792	6.48352
2793	6.48429
2794	6.48465
2795	6.48449
2796	6.48497
2797	6.48558
2798	6.48499
2799	6.48403
2800	6.48293
2801	6.48172
2802	6.48161
2803	6.47676
2804	6.47375
2805	6.47324
2806	6.47418
2807	6.47839
2808	6.47841
2809	6.47854
2810	6.47902
2811	6.47283
2812	6.47272
2813	6.47334
2814	6.47625
2815	6.47569
2816	6.47733
2817	6.46948
2818	6.47434
2819	6.48141
2820	6.49335
2821	6.50107
2822	6.50042
2823	6.49527
2824	6.4956
2825	6.4961
2826	6.50878
2827	6.51467
2828	6.5153
2829	6.52107
2830	6.52983
2831	6.52707
2832	6.53937
2833	6.55255
2834	6.5554
2835	6.54057
2836	6.53203
2837	6.52557
2838	6.52344
2839	6.52453
2840	6.51356
2841	6.51092
2842	6.50552
2843	6.49923
2844	6.49921
2845	6.50009
2846	6.51598
2847	6.52375
2848	6.52452
2849	6.52374
2850	6.52406
2851	6.53693
2852	6.53056
2853	6.52588
2854	6.52581
2855	6.51354
2856	6.51397
2857	6.51507
2858	6.51532
2859	6.51669
2860	6.51844
2861	6.51947
2862	6.51907
2863	6.51837
2864	6.51004
2865	6.51043
2866	6.51076
2867	6.50228
2868	6.49699
2869	6.49105
2870	6.482
2871	6.47362
2872	6.46878
2873	6.46475
2874	6.45506
2875	6.45143
2876	6.44217
2877	6.43206
2878	6.42574
2879	6.41765
2880	6.41209
2881	6.41366
2882	6.40587
2883	6.39767
2884	6.40449
2885	6.40402
2886	6.40341
2887	6.40391
2888	6.40422
2889	6.40481
2890	6.4034
2891	6.40481
2892	6.40859
2893	6.417
2894	6.43347
2895	6.4415
2896	6.44118
2897	6.44179
2898	6.45059
2899	6.46086
2900	6.46172
2901	6.46275
2902	6.46281
2903	6.47898
2904	6.48811
2905	6.49039
2906	6.48922
2907	6.48524
2908	6.48464
2909	6.49161
2910	6.50227
2911	6.51615
2912	6.52242
2913	6.52212
2914	6.51912
2915	6.51987
2916	6.51823
2917	6.5211
2918	6.51477
2919	6.50866
2920	6.49299
2921	6.48535
2922	6.48476
2923	6.48488
2924	6.48502
2925	6.48441
2926	6.47143
2927	6.46617
2928	6.46485
2929	6.45128
2930	6.44203
2931	6.44129
2932	6.42725
2933	6.41063
2934	6.40306
2935	6.40276
2936	6.40369
2937	6.40749
2938	6.40767
2939	6.4066
2940	6.40529
2941	6.406
2942	6.40945
2943	6.42288
2944	6.43639
2945	6.44417
2946	6.4283
2947	6.42048
2948	6.4211
2949	6.43574
2950	6.44621
2951	6.44012
2952	6.43374
2953	6.43412
2954	6.43453
2955	6.43315
2956	6.44056
2957	6.44193
2958	6.44159
2959	6.44181
2960	6.44165
2961	6.44113
2962	6.44126
2963	6.44235
2964	6.44269
2965	6.44291
2966	6.44026
2967	6.44086
2968	6.44085
2969	6.444
2970	6.44236
2971	6.44242
2972	6.44333
2973	6.44311
2974	6.44182
2975	6.45103
2976	6.45341
2977	6.45453
2978	6.45402
2979	6.45414
2980	6.45555
2981	6.45574
2982	6.45617
2983	6.45579
2984	6.44912
2985	6.44876
2986	6.44927
2987	6.44691
2988	6.44679
