detections	cameraID	xmin	ymin	xmax	ymax	area	frame_no
0	0	0	0	0	0	0	0
0	0	0	0	0	0	0	1
0	0	0	0	0	0	0	2
0	0	0	0	0	0	0	3
0	0	0	0	0	0	0	4
0	0	0	0	0	0	0	5
0	0	0	0	0	0	0	6
0	0	0	0	0	0	0	7
0	0	0	0	0	0	0	8
0	0	0	0	0	0	0	9
0	0	0	0	0	0	0	10
0	0	0	0	0	0	0	11
0	0	0	0	0	0	0	12
0	0	0	0	0	0	0	13
0	0	0	0	0	0	0	14
0	0	0	0	0	0	0	15
0	0	0	0	0	0	0	16
0	0	0	0	0	0	0	17
0	0	0	0	0	0	0	18
0	0	0	0	0	0	0	19
0	0	0	0	0	0	0	20
0	0	0	0	0	0	0	21
0	0	0	0	0	0	0	22
0	0	0	0	0	0	0	23
0	0	0	0	0	0	0	24
0	0	0	0	0	0	0	25
0	0	0	0	0	0	0	26
0	0	0	0	0	0	0	27
0	0	0	0	0	0	0	28
0	0	0	0	0	0	0	29
0	0	0	0	0	0	0	30
0	0	0	0	0	0	0	31
0	0	0	0	0	0	0	32
0	0	0	0	0	0	0	33
0	0	0	0	0	0	0	34
0	0	0	0	0	0	0	35
0	0	0	0	0	0	0	36
0	0	0	0	0	0	0	37
0	0	0	0	0	0	0	38
0	0	0	0	0	0	0	39
0	0	0	0	0	0	0	40
0	0	0	0	0	0	0	41
0	0	0	0	0	0	0	42
0	0	0	0	0	0	0	43
0	0	0	0	0	0	0	44
0	0	0	0	0	0	0	45
0	0	0	0	0	0	0	46
0	0	0	0	0	0	0	47
0	0	0	0	0	0	0	48
0	0	0	0	0	0	0	49
0	0	0	0	0	0	0	50
0	0	0	0	0	0	0	51
0	0	0	0	0	0	0	52
0	0	0	0	0	0	0	53
0	0	0	0	0	0	0	54
0	0	0	0	0	0	0	55
0	0	0	0	0	0	0	56
0	0	0	0	0	0	0	57
0	0	0	0	0	0	0	58
0	0	0	0	0	0	0	59
0	0	0	0	0	0	0	60
0	0	0	0	0	0	0	61
0	0	0	0	0	0	0	62
0	0	0	0	0	0	0	63
0	0	0	0	0	0	0	64
0	0	0	0	0	0	0	65
0	0	0	0	0	0	0	66
0	0	0	0	0	0	0	67
0	0	0	0	0	0	0	68
0	0	0	0	0	0	0	69
0	0	0	0	0	0	0	70
0	0	0	0	0	0	0	71
0	0	0	0	0	0	0	72
0	0	0	0	0	0	0	73
0	0	0	0	0	0	0	74
0	0	0	0	0	0	0	75
0	0	0	0	0	0	0	76
0	0	0	0	0	0	0	77
0	0	0	0	0	0	0	78
0	0	0	0	0	0	0	79
0	0	0	0	0	0	0	80
0	0	0	0	0	0	0	81
0	0	0	0	0	0	0	82
0	0	0	0	0	0	0	83
0	0	0	0	0	0	0	84
0	0	0	0	0	0	0	85
0	0	0	0	0	0	0	86
0	0	0	0	0	0	0	87
0	0	0	0	0	0	0	88
0	0	0	0	0	0	0	89
0	0	0	0	0	0	0	90
0	0	0	0	0	0	0	91
0	0	0	0	0	0	0	92
0	0	0	0	0	0	0	93
0	0	0	0	0	0	0	94
0	0	0	0	0	0	0	95
0	0	0	0	0	0	0	96
0	0	0	0	0	0	0	97
0	0	0	0	0	0	0	98
0	0	0	0	0	0	0	99
0	0	0	0	0	0	0	100
0	0	0	0	0	0	0	101
0	0	0	0	0	0	0	102
0	0	0	0	0	0	0	103
0	0	0	0	0	0	0	104
0	0	0	0	0	0	0	105
0	0	0	0	0	0	0	106
0	0	0	0	0	0	0	107
0	0	0	0	0	0	0	108
0	0	0	0	0	0	0	109
0	0	0	0	0	0	0	110
0	0	0	0	0	0	0	111
0	0	0	0	0	0	0	112
0	0	0	0	0	0	0	113
0	0	0	0	0	0	0	114
0	0	0	0	0	0	0	115
0	0	0	0	0	0	0	116
0	0	0	0	0	0	0	117
0	0	0	0	0	0	0	118
0	0	0	0	0	0	0	119
0	0	0	0	0	0	0	120
0	0	0	0	0	0	0	121
0	0	0	0	0	0	0	122
0	0	0	0	0	0	0	123
0	0	0	0	0	0	0	124
0	0	0	0	0	0	0	125
0	0	0	0	0	0	0	126
0	0	0	0	0	0	0	127
0	0	0	0	0	0	0	128
0	0	0	0	0	0	0	129
0	0	0	0	0	0	0	130
0	0	0	0	0	0	0	131
0	0	0	0	0	0	0	132
0	0	0	0	0	0	0	133
0	0	0	0	0	0	0	134
0	0	0	0	0	0	0	135
0	0	0	0	0	0	0	136
0	0	0	0	0	0	0	137
0	0	0	0	0	0	0	138
0	0	0	0	0	0	0	139
0	0	0	0	0	0	0	140
0	0	0	0	0	0	0	141
0	0	0	0	0	0	0	142
0	0	0	0	0	0	0	143
0	0	0	0	0	0	0	144
0	0	0	0	0	0	0	145
0	0	0	0	0	0	0	146
0	0	0	0	0	0	0	147
0	0	0	0	0	0	0	148
0	0	0	0	0	0	0	149
0	0	0	0	0	0	0	150
0	0	0	0	0	0	0	151
0	0	0	0	0	0	0	152
0	0	0	0	0	0	0	153
0	0	0	0	0	0	0	154
0	0	0	0	0	0	0	155
0	0	0	0	0	0	0	156
0	0	0	0	0	0	0	157
0	0	0	0	0	0	0	158
0	0	0	0	0	0	0	159
0	0	0	0	0	0	0	160
0	0	0	0	0	0	0	161
0	0	0	0	0	0	0	162
0	0	0	0	0	0	0	163
0	0	0	0	0	0	0	164
0	0	0	0	0	0	0	165
0	0	0	0	0	0	0	166
0	0	0	0	0	0	0	167
0	0	0	0	0	0	0	168
0	0	0	0	0	0	0	169
0	0	0	0	0	0	0	170
0	0	0	0	0	0	0	171
0	0	0	0	0	0	0	172
0	0	0	0	0	0	0	173
0	0	0	0	0	0	0	174
0	0	0	0	0	0	0	175
0	0	0	0	0	0	0	176
0	0	0	0	0	0	0	177
0	0	0	0	0	0	0	178
0	0	0	0	0	0	0	179
0	0	0	0	0	0	0	180
0	0	0	0	0	0	0	181
0	0	0	0	0	0	0	182
0	0	0	0	0	0	0	183
0	0	0	0	0	0	0	184
0	0	0	0	0	0	0	185
0	0	0	0	0	0	0	186
0	0	0	0	0	0	0	187
0	0	0	0	0	0	0	188
0	0	0	0	0	0	0	189
0	0	0	0	0	0	0	190
0	0	0	0	0	0	0	191
0	0	0	0	0	0	0	192
0	0	0	0	0	0	0	193
0	0	0	0	0	0	0	194
0	0	0	0	0	0	0	195
0	0	0	0	0	0	0	196
0	0	0	0	0	0	0	197
0	0	0	0	0	0	0	198
0	0	0	0	0	0	0	199
0	0	0	0	0	0	0	200
0	0	0	0	0	0	0	201
0	0	0	0	0	0	0	202
0	0	0	0	0	0	0	203
0	0	0	0	0	0	0	204
0	0	0	0	0	0	0	205
0	0	0	0	0	0	0	206
0	0	0	0	0	0	0	207
0	0	0	0	0	0	0	208
0	0	0	0	0	0	0	209
0	0	0	0	0	0	0	210
0	0	0	0	0	0	0	211
0	0	0	0	0	0	0	212
0	0	0	0	0	0	0	213
0	0	0	0	0	0	0	214
0	0	0	0	0	0	0	215
0	0	0	0	0	0	0	216
0	0	0	0	0	0	0	217
0	0	0	0	0	0	0	218
0	0	0	0	0	0	0	219
0	0	0	0	0	0	0	220
0	0	0	0	0	0	0	221
0	0	0	0	0	0	0	222
0	0	0	0	0	0	0	223
0	0	0	0	0	0	0	224
0	0	0	0	0	0	0	225
0	0	0	0	0	0	0	226
0	0	0	0	0	0	0	227
0	0	0	0	0	0	0	228
0	0	0	0	0	0	0	229
0	0	0	0	0	0	0	230
0	0	0	0	0	0	0	231
0	0	0	0	0	0	0	232
0	0	0	0	0	0	0	233
0	0	0	0	0	0	0	234
0	0	0	0	0	0	0	235
0	0	0	0	0	0	0	236
0	0	0	0	0	0	0	237
0	0	0	0	0	0	0	238
0	0	0	0	0	0	0	239
0	0	0	0	0	0	0	240
0	0	0	0	0	0	0	241
0	0	0	0	0	0	0	242
0	0	0	0	0	0	0	243
0	0	0	0	0	0	0	244
0	0	0	0	0	0	0	245
0	0	0	0	0	0	0	246
0	0	0	0	0	0	0	247
0	0	0	0	0	0	0	248
0	0	0	0	0	0	0	249
0	0	0	0	0	0	0	250
0	0	0	0	0	0	0	251
0	0	0	0	0	0	0	252
0	0	0	0	0	0	0	253
0	0	0	0	0	0	0	254
0	0	0	0	0	0	0	255
0	0	0	0	0	0	0	256
0	0	0	0	0	0	0	257
0	0	0	0	0	0	0	258
0	0	0	0	0	0	0	259
0	0	0	0	0	0	0	260
0	0	0	0	0	0	0	261
0	0	0	0	0	0	0	262
0	0	0	0	0	0	0	263
0	0	0	0	0	0	0	264
0	0	0	0	0	0	0	265
0	0	0	0	0	0	0	266
0	0	0	0	0	0	0	267
0	0	0	0	0	0	0	268
0	0	0	0	0	0	0	269
0	0	0	0	0	0	0	270
0	0	0	0	0	0	0	271
0	0	0	0	0	0	0	272
0	0	0	0	0	0	0	273
0	0	0	0	0	0	0	274
0	0	0	0	0	0	0	275
0	0	0	0	0	0	0	276
0	0	0	0	0	0	0	277
0	0	0	0	0	0	0	278
0	0	0	0	0	0	0	279
0	0	0	0	0	0	0	280
0	0	0	0	0	0	0	281
0	0	0	0	0	0	0	282
0	0	0	0	0	0	0	283
0	0	0	0	0	0	0	284
0	0	0	0	0	0	0	285
0	0	0	0	0	0	0	286
0	0	0	0	0	0	0	287
0	0	0	0	0	0	0	288
0	0	0	0	0	0	0	289
0	0	0	0	0	0	0	290
0	0	0	0	0	0	0	291
0	0	0	0	0	0	0	292
0	0	0	0	0	0	0	293
0	0	0	0	0	0	0	294
0	0	0	0	0	0	0	295
0	0	0	0	0	0	0	296
0	0	0	0	0	0	0	297
0	0	0	0	0	0	0	298
0	0	0	0	0	0	0	299
0	0	0	0	0	0	0	300
0	0	0	0	0	0	0	301
0	0	0	0	0	0	0	302
0	0	0	0	0	0	0	303
0	0	0	0	0	0	0	304
0	0	0	0	0	0	0	305
0	0	0	0	0	0	0	306
0	0	0	0	0	0	0	307
0	0	0	0	0	0	0	308
0	0	0	0	0	0	0	309
0	0	0	0	0	0	0	310
0	0	0	0	0	0	0	311
0	0	0	0	0	0	0	312
0	0	0	0	0	0	0	313
0	0	0	0	0	0	0	314
0	0	0	0	0	0	0	315
0	0	0	0	0	0	0	316
0	0	0	0	0	0	0	317
0	0	0	0	0	0	0	318
0	0	0	0	0	0	0	319
0	0	0	0	0	0	0	320
0	0	0	0	0	0	0	321
0	0	0	0	0	0	0	322
0	0	0	0	0	0	0	323
0	0	0	0	0	0	0	324
0	0	0	0	0	0	0	325
0	0	0	0	0	0	0	326
0	0	0	0	0	0	0	327
0	0	0	0	0	0	0	328
0	0	0	0	0	0	0	329
0	0	0	0	0	0	0	330
0	0	0	0	0	0	0	331
0	0	0	0	0	0	0	332
0	0	0	0	0	0	0	333
0	0	0	0	0	0	0	334
0	0	0	0	0	0	0	335
0	0	0	0	0	0	0	336
0	0	0	0	0	0	0	337
0	0	0	0	0	0	0	338
0	0	0	0	0	0	0	339
0	0	0	0	0	0	0	340
0	0	0	0	0	0	0	341
0	0	0	0	0	0	0	342
0	0	0	0	0	0	0	343
0	0	0	0	0	0	0	344
0	0	0	0	0	0	0	345
0	0	0	0	0	0	0	346
0	0	0	0	0	0	0	347
0	0	0	0	0	0	0	348
0	0	0	0	0	0	0	349
0	0	0	0	0	0	0	350
0	0	0	0	0	0	0	351
0	0	0	0	0	0	0	352
0	0	0	0	0	0	0	353
0	0	0	0	0	0	0	354
0	0	0	0	0	0	0	355
0	0	0	0	0	0	0	356
0	0	0	0	0	0	0	357
0	0	0	0	0	0	0	358
0	0	0	0	0	0	0	359
0	0	0	0	0	0	0	360
0	0	0	0	0	0	0	361
0	0	0	0	0	0	0	362
0	0	0	0	0	0	0	363
0	0	0	0	0	0	0	364
0	0	0	0	0	0	0	365
0	0	0	0	0	0	0	366
0	0	0	0	0	0	0	367
0	0	0	0	0	0	0	368
0	0	0	0	0	0	0	369
0	0	0	0	0	0	0	370
0	0	0	0	0	0	0	371
0	0	0	0	0	0	0	372
0	0	0	0	0	0	0	373
0	0	0	0	0	0	0	374
0	0	0	0	0	0	0	375
0	0	0	0	0	0	0	376
0	0	0	0	0	0	0	377
0	0	0	0	0	0	0	378
0	0	0	0	0	0	0	379
0	0	0	0	0	0	0	380
0	0	0	0	0	0	0	381
0	0	0	0	0	0	0	382
0	0	0	0	0	0	0	383
0	0	0	0	0	0	0	384
0	0	0	0	0	0	0	385
0	0	0	0	0	0	0	386
0	0	0	0	0	0	0	387
0	0	0	0	0	0	0	388
0	0	0	0	0	0	0	389
0	0	0	0	0	0	0	390
0	0	0	0	0	0	0	391
0	0	0	0	0	0	0	392
0	0	0	0	0	0	0	393
0	0	0	0	0	0	0	394
0	0	0	0	0	0	0	395
0	0	0	0	0	0	0	396
0	0	0	0	0	0	0	397
0	0	0	0	0	0	0	398
0	0	0	0	0	0	0	399
0	0	0	0	0	0	0	400
0	0	0	0	0	0	0	401
0	0	0	0	0	0	0	402
0	0	0	0	0	0	0	403
0	0	0	0	0	0	0	404
0	0	0	0	0	0	0	405
0	0	0	0	0	0	0	406
0	0	0	0	0	0	0	407
0	0	0	0	0	0	0	408
0	0	0	0	0	0	0	409
0	0	0	0	0	0	0	410
0	0	0	0	0	0	0	411
0	0	0	0	0	0	0	412
0	0	0	0	0	0	0	413
0	0	0	0	0	0	0	414
0	0	0	0	0	0	0	415
0	0	0	0	0	0	0	416
0	0	0	0	0	0	0	417
0	0	0	0	0	0	0	418
0	0	0	0	0	0	0	419
0	0	0	0	0	0	0	420
0	0	0	0	0	0	0	421
0	0	0	0	0	0	0	422
0	0	0	0	0	0	0	423
0	0	0	0	0	0	0	424
0	0	0	0	0	0	0	425
0	0	0	0	0	0	0	426
0	0	0	0	0	0	0	427
0	0	0	0	0	0	0	428
0	0	0	0	0	0	0	429
0	0	0	0	0	0	0	430
0	0	0	0	0	0	0	431
0	0	0	0	0	0	0	432
0	0	0	0	0	0	0	433
0	0	0	0	0	0	0	434
0	0	0	0	0	0	0	435
0	0	0	0	0	0	0	436
0	0	0	0	0	0	0	437
0	0	0	0	0	0	0	438
0	0	0	0	0	0	0	439
0	0	0	0	0	0	0	440
0	0	0	0	0	0	0	441
0	0	0	0	0	0	0	442
0	0	0	0	0	0	0	443
0	0	0	0	0	0	0	444
0	0	0	0	0	0	0	445
0	0	0	0	0	0	0	446
0	0	0	0	0	0	0	447
0	0	0	0	0	0	0	448
0	0	0	0	0	0	0	449
0	0	0	0	0	0	0	450
0	0	0	0	0	0	0	451
0	0	0	0	0	0	0	452
0	0	0	0	0	0	0	453
0	0	0	0	0	0	0	454
0	0	0	0	0	0	0	455
0	0	0	0	0	0	0	456
0	0	0	0	0	0	0	457
0	0	0	0	0	0	0	458
0	0	0	0	0	0	0	459
0	0	0	0	0	0	0	460
0	0	0	0	0	0	0	461
0	0	0	0	0	0	0	462
0	0	0	0	0	0	0	463
0	0	0	0	0	0	0	464
0	0	0	0	0	0	0	465
0	0	0	0	0	0	0	466
0	0	0	0	0	0	0	467
0	0	0	0	0	0	0	468
0	0	0	0	0	0	0	469
0	0	0	0	0	0	0	470
0	0	0	0	0	0	0	471
0	0	0	0	0	0	0	472
0	0	0	0	0	0	0	473
0	0	0	0	0	0	0	474
0	0	0	0	0	0	0	475
0	0	0	0	0	0	0	476
0	0	0	0	0	0	0	477
0	0	0	0	0	0	0	478
0	0	0	0	0	0	0	479
0	0	0	0	0	0	0	480
0	0	0	0	0	0	0	481
0	0	0	0	0	0	0	482
0	0	0	0	0	0	0	483
0	0	0	0	0	0	0	484
0	0	0	0	0	0	0	485
0	0	0	0	0	0	0	486
0	0	0	0	0	0	0	487
0	0	0	0	0	0	0	488
0	0	0	0	0	0	0	489
0	0	0	0	0	0	0	490
0	0	0	0	0	0	0	491
0	0	0	0	0	0	0	492
0	0	0	0	0	0	0	493
0	0	0	0	0	0	0	494
0	0	0	0	0	0	0	495
0	0	0	0	0	0	0	496
0	0	0	0	0	0	0	497
0	0	0	0	0	0	0	498
0	0	0	0	0	0	0	499
0	0	0	0	0	0	0	500
0	0	0	0	0	0	0	501
0	0	0	0	0	0	0	502
0	0	0	0	0	0	0	503
0	0	0	0	0	0	0	504
0	0	0	0	0	0	0	505
0	0	0	0	0	0	0	506
0	0	0	0	0	0	0	507
0	0	0	0	0	0	0	508
0	0	0	0	0	0	0	509
0	0	0	0	0	0	0	510
0	0	0	0	0	0	0	511
0	0	0	0	0	0	0	512
0	0	0	0	0	0	0	513
0	0	0	0	0	0	0	514
0	0	0	0	0	0	0	515
0	0	0	0	0	0	0	516
0	0	0	0	0	0	0	517
0	0	0	0	0	0	0	518
0	0	0	0	0	0	0	519
0	0	0	0	0	0	0	520
0	0	0	0	0	0	0	521
0	0	0	0	0	0	0	522
0	0	0	0	0	0	0	523
0	0	0	0	0	0	0	524
0	0	0	0	0	0	0	525
0	0	0	0	0	0	0	526
0	0	0	0	0	0	0	527
0	0	0	0	0	0	0	528
0	0	0	0	0	0	0	529
0	0	0	0	0	0	0	530
0	0	0	0	0	0	0	531
0	0	0	0	0	0	0	532
0	0	0	0	0	0	0	533
0	0	0	0	0	0	0	534
0	0	0	0	0	0	0	535
0	0	0	0	0	0	0	536
0	0	0	0	0	0	0	537
0	0	0	0	0	0	0	538
0	0	0	0	0	0	0	539
0	0	0	0	0	0	0	540
0	0	0	0	0	0	0	541
0	0	0	0	0	0	0	542
0	0	0	0	0	0	0	543
0	0	0	0	0	0	0	544
0	0	0	0	0	0	0	545
0	0	0	0	0	0	0	546
0	0	0	0	0	0	0	547
0	0	0	0	0	0	0	548
0	0	0	0	0	0	0	549
0	0	0	0	0	0	0	550
0	0	0	0	0	0	0	551
0	0	0	0	0	0	0	552
0	0	0	0	0	0	0	553
0	0	0	0	0	0	0	554
0	0	0	0	0	0	0	555
0	0	0	0	0	0	0	556
0	0	0	0	0	0	0	557
0	0	0	0	0	0	0	558
0	0	0	0	0	0	0	559
0	0	0	0	0	0	0	560
0	0	0	0	0	0	0	561
0	0	0	0	0	0	0	562
0	0	0	0	0	0	0	563
0	0	0	0	0	0	0	564
0	0	0	0	0	0	0	565
0	0	0	0	0	0	0	566
0	0	0	0	0	0	0	567
0	0	0	0	0	0	0	568
0	0	0	0	0	0	0	569
0	0	0	0	0	0	0	570
0	0	0	0	0	0	0	571
0	0	0	0	0	0	0	572
0	0	0	0	0	0	0	573
0	0	0	0	0	0	0	574
0	0	0	0	0	0	0	575
0	0	0	0	0	0	0	576
0	0	0	0	0	0	0	577
0	0	0	0	0	0	0	578
0	0	0	0	0	0	0	579
0	0	0	0	0	0	0	580
0	0	0	0	0	0	0	581
0	0	0	0	0	0	0	582
0	0	0	0	0	0	0	583
0	0	0	0	0	0	0	584
0	0	0	0	0	0	0	585
0	0	0	0	0	0	0	586
0	0	0	0	0	0	0	587
0	0	0	0	0	0	0	588
0	0	0	0	0	0	0	589
0	0	0	0	0	0	0	590
0	0	0	0	0	0	0	591
0	0	0	0	0	0	0	592
0	0	0	0	0	0	0	593
0	0	0	0	0	0	0	594
0	0	0	0	0	0	0	595
0	0	0	0	0	0	0	596
0	0	0	0	0	0	0	597
0	0	0	0	0	0	0	598
0	0	0	0	0	0	0	599
0	0	0	0	0	0	0	600
0	0	0	0	0	0	0	601
0	0	0	0	0	0	0	602
0	0	0	0	0	0	0	603
0	0	0	0	0	0	0	604
0	0	0	0	0	0	0	605
0	0	0	0	0	0	0	606
0	0	0	0	0	0	0	607
0	0	0	0	0	0	0	608
0	0	0	0	0	0	0	609
0	0	0	0	0	0	0	610
0	0	0	0	0	0	0	611
0	0	0	0	0	0	0	612
0	0	0	0	0	0	0	613
0	0	0	0	0	0	0	614
0	0	0	0	0	0	0	615
0	0	0	0	0	0	0	616
0	0	0	0	0	0	0	617
0	0	0	0	0	0	0	618
0	0	0	0	0	0	0	619
0	0	0	0	0	0	0	620
0	0	0	0	0	0	0	621
0	0	0	0	0	0	0	622
0	0	0	0	0	0	0	623
0	0	0	0	0	0	0	624
0	0	0	0	0	0	0	625
0	0	0	0	0	0	0	626
0	0	0	0	0	0	0	627
0	0	0	0	0	0	0	628
0	0	0	0	0	0	0	629
0	0	0	0	0	0	0	630
0	0	0	0	0	0	0	631
0	0	0	0	0	0	0	632
0	0	0	0	0	0	0	633
0	0	0	0	0	0	0	634
0	0	0	0	0	0	0	635
0	0	0	0	0	0	0	636
0	0	0	0	0	0	0	637
0	0	0	0	0	0	0	638
0	0	0	0	0	0	0	639
0	0	0	0	0	0	0	640
0	0	0	0	0	0	0	641
0	0	0	0	0	0	0	642
0	0	0	0	0	0	0	643
0	0	0	0	0	0	0	644
0	0	0	0	0	0	0	645
0	0	0	0	0	0	0	646
0	0	0	0	0	0	0	647
0	0	0	0	0	0	0	648
0	0	0	0	0	0	0	649
0	0	0	0	0	0	0	650
0	0	0	0	0	0	0	651
0	0	0	0	0	0	0	652
0	0	0	0	0	0	0	653
0	0	0	0	0	0	0	654
0	0	0	0	0	0	0	655
0	0	0	0	0	0	0	656
0	0	0	0	0	0	0	657
0	0	0	0	0	0	0	658
0	0	0	0	0	0	0	659
0	0	0	0	0	0	0	660
0	0	0	0	0	0	0	661
0	0	0	0	0	0	0	662
0	0	0	0	0	0	0	663
0	0	0	0	0	0	0	664
0	0	0	0	0	0	0	665
0	0	0	0	0	0	0	666
0	0	0	0	0	0	0	667
0	0	0	0	0	0	0	668
0	0	0	0	0	0	0	669
0	0	0	0	0	0	0	670
0	0	0	0	0	0	0	671
0	0	0	0	0	0	0	672
0	0	0	0	0	0	0	673
0	0	0	0	0	0	0	674
0	0	0	0	0	0	0	675
0	0	0	0	0	0	0	676
0	0	0	0	0	0	0	677
0	0	0	0	0	0	0	678
0	0	0	0	0	0	0	679
0	0	0	0	0	0	0	680
0	0	0	0	0	0	0	681
0	0	0	0	0	0	0	682
0	0	0	0	0	0	0	683
0	0	0	0	0	0	0	684
0	0	0	0	0	0	0	685
0	0	0	0	0	0	0	686
0	0	0	0	0	0	0	687
0	0	0	0	0	0	0	688
0	0	0	0	0	0	0	689
0	0	0	0	0	0	0	690
0	0	0	0	0	0	0	691
0	0	0	0	0	0	0	692
0	0	0	0	0	0	0	693
0	0	0	0	0	0	0	694
0	0	0	0	0	0	0	695
0	0	0	0	0	0	0	696
0	0	0	0	0	0	0	697
0	0	0	0	0	0	0	698
0	0	0	0	0	0	0	699
0	0	0	0	0	0	0	700
0	0	0	0	0	0	0	701
0	0	0	0	0	0	0	702
0	0	0	0	0	0	0	703
0	0	0	0	0	0	0	704
0	0	0	0	0	0	0	705
0	0	0	0	0	0	0	706
0	0	0	0	0	0	0	707
0	0	0	0	0	0	0	708
0	0	0	0	0	0	0	709
0	0	0	0	0	0	0	710
0	0	0	0	0	0	0	711
0	0	0	0	0	0	0	712
0	0	0	0	0	0	0	713
0	0	0	0	0	0	0	714
0	0	0	0	0	0	0	715
0	0	0	0	0	0	0	716
0	0	0	0	0	0	0	717
0	0	0	0	0	0	0	718
0	0	0	0	0	0	0	719
0	0	0	0	0	0	0	720
0	0	0	0	0	0	0	721
0	0	0	0	0	0	0	722
0	0	0	0	0	0	0	723
0	0	0	0	0	0	0	724
0	0	0	0	0	0	0	725
0	0	0	0	0	0	0	726
0	0	0	0	0	0	0	727
0	0	0	0	0	0	0	728
0	0	0	0	0	0	0	729
0	0	0	0	0	0	0	730
0	0	0	0	0	0	0	731
0	0	0	0	0	0	0	732
0	0	0	0	0	0	0	733
0	0	0	0	0	0	0	734
0	0	0	0	0	0	0	735
0	0	0	0	0	0	0	736
0	0	0	0	0	0	0	737
0	0	0	0	0	0	0	738
0	0	0	0	0	0	0	739
0	0	0	0	0	0	0	740
0	0	0	0	0	0	0	741
0	0	0	0	0	0	0	742
0	0	0	0	0	0	0	743
0	0	0	0	0	0	0	744
0	0	0	0	0	0	0	745
0	0	0	0	0	0	0	746
0	0	0	0	0	0	0	747
0	0	0	0	0	0	0	748
0	0	0	0	0	0	0	749
0	0	0	0	0	0	0	750
0	0	0	0	0	0	0	751
0	0	0	0	0	0	0	752
0	0	0	0	0	0	0	753
0	0	0	0	0	0	0	754
0	0	0	0	0	0	0	755
0	0	0	0	0	0	0	756
0	0	0	0	0	0	0	757
0	0	0	0	0	0	0	758
0	0	0	0	0	0	0	759
0	0	0	0	0	0	0	760
0	0	0	0	0	0	0	761
0	0	0	0	0	0	0	762
0	0	0	0	0	0	0	763
0	0	0	0	0	0	0	764
0	0	0	0	0	0	0	765
0	0	0	0	0	0	0	766
0	0	0	0	0	0	0	767
0	0	0	0	0	0	0	768
0	0	0	0	0	0	0	769
0	0	0	0	0	0	0	770
0	0	0	0	0	0	0	771
0	0	0	0	0	0	0	772
0	0	0	0	0	0	0	773
0	0	0	0	0	0	0	774
0	0	0	0	0	0	0	775
0	0	0	0	0	0	0	776
0	0	0	0	0	0	0	777
0	0	0	0	0	0	0	778
0	0	0	0	0	0	0	779
0	0	0	0	0	0	0	780
0	0	0	0	0	0	0	781
0	0	0	0	0	0	0	782
0	0	0	0	0	0	0	783
0	0	0	0	0	0	0	784
0	0	0	0	0	0	0	785
0	0	0	0	0	0	0	786
0	0	0	0	0	0	0	787
0	0	0	0	0	0	0	788
0	0	0	0	0	0	0	789
0	0	0	0	0	0	0	790
0	0	0	0	0	0	0	791
0	0	0	0	0	0	0	792
0	0	0	0	0	0	0	793
0	0	0	0	0	0	0	794
0	0	0	0	0	0	0	795
0	0	0	0	0	0	0	796
0	0	0	0	0	0	0	797
0	0	0	0	0	0	0	798
0	0	0	0	0	0	0	799
0	0	0	0	0	0	0	800
0	0	0	0	0	0	0	801
0	0	0	0	0	0	0	802
0	0	0	0	0	0	0	803
0	0	0	0	0	0	0	804
0	0	0	0	0	0	0	805
0	0	0	0	0	0	0	806
0	0	0	0	0	0	0	807
0	0	0	0	0	0	0	808
0	0	0	0	0	0	0	809
0	0	0	0	0	0	0	810
0	0	0	0	0	0	0	811
0	0	0	0	0	0	0	812
0	0	0	0	0	0	0	813
0	0	0	0	0	0	0	814
0	0	0	0	0	0	0	815
0	0	0	0	0	0	0	816
0	0	0	0	0	0	0	817
0	0	0	0	0	0	0	818
0	0	0	0	0	0	0	819
0	0	0	0	0	0	0	820
0	0	0	0	0	0	0	821
0	0	0	0	0	0	0	822
0	0	0	0	0	0	0	823
0	0	0	0	0	0	0	824
0	0	0	0	0	0	0	825
0	0	0	0	0	0	0	826
0	0	0	0	0	0	0	827
0	0	0	0	0	0	0	828
0	0	0	0	0	0	0	829
0	0	0	0	0	0	0	830
0	0	0	0	0	0	0	831
0	0	0	0	0	0	0	832
0	0	0	0	0	0	0	833
0	0	0	0	0	0	0	834
0	0	0	0	0	0	0	835
0	0	0	0	0	0	0	836
0	0	0	0	0	0	0	837
0	0	0	0	0	0	0	838
0	0	0	0	0	0	0	839
0	0	0	0	0	0	0	840
0	0	0	0	0	0	0	841
0	0	0	0	0	0	0	842
0	0	0	0	0	0	0	843
0	0	0	0	0	0	0	844
0	0	0	0	0	0	0	845
0	0	0	0	0	0	0	846
0	0	0	0	0	0	0	847
0	0	0	0	0	0	0	848
0	0	0	0	0	0	0	849
0	0	0	0	0	0	0	850
0	0	0	0	0	0	0	851
0	0	0	0	0	0	0	852
0	0	0	0	0	0	0	853
0	0	0	0	0	0	0	854
0	0	0	0	0	0	0	855
0	0	0	0	0	0	0	856
0	0	0	0	0	0	0	857
0	0	0	0	0	0	0	858
0	0	0	0	0	0	0	859
0	0	0	0	0	0	0	860
0	0	0	0	0	0	0	861
0	0	0	0	0	0	0	862
0	0	0	0	0	0	0	863
0	0	0	0	0	0	0	864
0	0	0	0	0	0	0	865
0	0	0	0	0	0	0	866
0	0	0	0	0	0	0	867
0	0	0	0	0	0	0	868
0	0	0	0	0	0	0	869
0	0	0	0	0	0	0	870
0	0	0	0	0	0	0	871
0	0	0	0	0	0	0	872
0	0	0	0	0	0	0	873
0	0	0	0	0	0	0	874
0	0	0	0	0	0	0	875
0	0	0	0	0	0	0	876
0	0	0	0	0	0	0	877
0	0	0	0	0	0	0	878
0	0	0	0	0	0	0	879
0	0	0	0	0	0	0	880
0	0	0	0	0	0	0	881
0	0	0	0	0	0	0	882
0	0	0	0	0	0	0	883
0	0	0	0	0	0	0	884
0	0	0	0	0	0	0	885
0	0	0	0	0	0	0	886
0	0	0	0	0	0	0	887
0	0	0	0	0	0	0	888
0	0	0	0	0	0	0	889
0	0	0	0	0	0	0	890
0	0	0	0	0	0	0	891
0	0	0	0	0	0	0	892
0	0	0	0	0	0	0	893
0	0	0	0	0	0	0	894
0	0	0	0	0	0	0	895
0	0	0	0	0	0	0	896
0	0	0	0	0	0	0	897
0	0	0	0	0	0	0	898
0	0	0	0	0	0	0	899
0	0	0	0	0	0	0	900
0	0	0	0	0	0	0	901
0	0	0	0	0	0	0	902
0	0	0	0	0	0	0	903
0	0	0	0	0	0	0	904
0	0	0	0	0	0	0	905
0	0	0	0	0	0	0	906
0	0	0	0	0	0	0	907
0	0	0	0	0	0	0	908
0	0	0	0	0	0	0	909
0	0	0	0	0	0	0	910
0	0	0	0	0	0	0	911
0	0	0	0	0	0	0	912
0	0	0	0	0	0	0	913
0	0	0	0	0	0	0	914
0	0	0	0	0	0	0	915
0	0	0	0	0	0	0	916
0	0	0	0	0	0	0	917
0	0	0	0	0	0	0	918
0	0	0	0	0	0	0	919
0	0	0	0	0	0	0	920
0	0	0	0	0	0	0	921
0	0	0	0	0	0	0	922
0	0	0	0	0	0	0	923
0	0	0	0	0	0	0	924
0	0	0	0	0	0	0	925
0	0	0	0	0	0	0	926
0	0	0	0	0	0	0	927
0	0	0	0	0	0	0	928
0	0	0	0	0	0	0	929
0	0	0	0	0	0	0	930
0	0	0	0	0	0	0	931
0	0	0	0	0	0	0	932
0	0	0	0	0	0	0	933
0	0	0	0	0	0	0	934
0	0	0	0	0	0	0	935
0	0	0	0	0	0	0	936
0	0	0	0	0	0	0	937
0	0	0	0	0	0	0	938
0	0	0	0	0	0	0	939
0	0	0	0	0	0	0	940
0	0	0	0	0	0	0	941
0	0	0	0	0	0	0	942
0	0	0	0	0	0	0	943
0	0	0	0	0	0	0	944
0	0	0	0	0	0	0	945
0	0	0	0	0	0	0	946
0	0	0	0	0	0	0	947
0	0	0	0	0	0	0	948
0	0	0	0	0	0	0	949
0	0	0	0	0	0	0	950
0	0	0	0	0	0	0	951
0	0	0	0	0	0	0	952
0	0	0	0	0	0	0	953
0	0	0	0	0	0	0	954
0	0	0	0	0	0	0	955
0	0	0	0	0	0	0	956
0	0	0	0	0	0	0	957
0	0	0	0	0	0	0	958
0	0	0	0	0	0	0	959
0	0	0	0	0	0	0	960
0	0	0	0	0	0	0	961
0	0	0	0	0	0	0	962
0	0	0	0	0	0	0	963
0	0	0	0	0	0	0	964
0	0	0	0	0	0	0	965
0	0	0	0	0	0	0	966
0	0	0	0	0	0	0	967
0	0	0	0	0	0	0	968
0	0	0	0	0	0	0	969
0	0	0	0	0	0	0	970
0	0	0	0	0	0	0	971
0	0	0	0	0	0	0	972
0	0	0	0	0	0	0	973
0	0	0	0	0	0	0	974
0	0	0	0	0	0	0	975
0	0	0	0	0	0	0	976
0	0	0	0	0	0	0	977
0	0	0	0	0	0	0	978
0	0	0	0	0	0	0	979
0	0	0	0	0	0	0	980
0	0	0	0	0	0	0	981
0	0	0	0	0	0	0	982
0	0	0	0	0	0	0	983
0	0	0	0	0	0	0	984
0	0	0	0	0	0	0	985
0	0	0	0	0	0	0	986
0	0	0	0	0	0	0	987
0	0	0	0	0	0	0	988
0	0	0	0	0	0	0	989
0	0	0	0	0	0	0	990
0	0	0	0	0	0	0	991
0	0	0	0	0	0	0	992
0	0	0	0	0	0	0	993
0	0	0	0	0	0	0	994
0	0	0	0	0	0	0	995
0	0	0	0	0	0	0	996
0	0	0	0	0	0	0	997
0	0	0	0	0	0	0	998
0	0	0	0	0	0	0	999
0	0	0	0	0	0	0	1000
0	0	0	0	0	0	0	1001
0	0	0	0	0	0	0	1002
0	0	0	0	0	0	0	1003
0	0	0	0	0	0	0	1004
0	0	0	0	0	0	0	1005
0	0	0	0	0	0	0	1006
0	0	0	0	0	0	0	1007
0	0	0	0	0	0	0	1008
0	0	0	0	0	0	0	1009
0	0	0	0	0	0	0	1010
0	0	0	0	0	0	0	1011
0	0	0	0	0	0	0	1012
0	0	0	0	0	0	0	1013
0	0	0	0	0	0	0	1014
0	0	0	0	0	0	0	1015
0	0	0	0	0	0	0	1016
0	0	0	0	0	0	0	1017
0	0	0	0	0	0	0	1018
0	0	0	0	0	0	0	1019
0	0	0	0	0	0	0	1020
0	0	0	0	0	0	0	1021
0	0	0	0	0	0	0	1022
0	0	0	0	0	0	0	1023
0	0	0	0	0	0	0	1024
0	0	0	0	0	0	0	1025
0	0	0	0	0	0	0	1026
0	0	0	0	0	0	0	1027
0	0	0	0	0	0	0	1028
0	0	0	0	0	0	0	1029
0	0	0	0	0	0	0	1030
0	0	0	0	0	0	0	1031
0	0	0	0	0	0	0	1032
0	0	0	0	0	0	0	1033
0	0	0	0	0	0	0	1034
0	0	0	0	0	0	0	1035
0	0	0	0	0	0	0	1036
0	0	0	0	0	0	0	1037
0	0	0	0	0	0	0	1038
0	0	0	0	0	0	0	1039
0	0	0	0	0	0	0	1040
0	0	0	0	0	0	0	1041
0	0	0	0	0	0	0	1042
0	0	0	0	0	0	0	1043
0	0	0	0	0	0	0	1044
0	0	0	0	0	0	0	1045
0	0	0	0	0	0	0	1046
0	0	0	0	0	0	0	1047
0	0	0	0	0	0	0	1048
0	0	0	0	0	0	0	1049
0	0	0	0	0	0	0	1050
0	0	0	0	0	0	0	1051
0	0	0	0	0	0	0	1052
0	0	0	0	0	0	0	1053
0	0	0	0	0	0	0	1054
0	0	0	0	0	0	0	1055
0	0	0	0	0	0	0	1056
0	0	0	0	0	0	0	1057
0	0	0	0	0	0	0	1058
0	0	0	0	0	0	0	1059
0	0	0	0	0	0	0	1060
0	0	0	0	0	0	0	1061
0	0	0	0	0	0	0	1062
0	0	0	0	0	0	0	1063
0	0	0	0	0	0	0	1064
0	0	0	0	0	0	0	1065
0	0	0	0	0	0	0	1066
0	0	0	0	0	0	0	1067
0	0	0	0	0	0	0	1068
0	0	0	0	0	0	0	1069
0	0	0	0	0	0	0	1070
0	0	0	0	0	0	0	1071
0	0	0	0	0	0	0	1072
0	0	0	0	0	0	0	1073
0	0	0	0	0	0	0	1074
0	0	0	0	0	0	0	1075
0	0	0	0	0	0	0	1076
0	0	0	0	0	0	0	1077
0	0	0	0	0	0	0	1078
0	0	0	0	0	0	0	1079
0	0	0	0	0	0	0	1080
0	0	0	0	0	0	0	1081
0	0	0	0	0	0	0	1082
0	0	0	0	0	0	0	1083
0	0	0	0	0	0	0	1084
0	0	0	0	0	0	0	1085
0	0	0	0	0	0	0	1086
0	0	0	0	0	0	0	1087
0	0	0	0	0	0	0	1088
0	0	0	0	0	0	0	1089
0	0	0	0	0	0	0	1090
0	0	0	0	0	0	0	1091
0	0	0	0	0	0	0	1092
0	0	0	0	0	0	0	1093
0	0	0	0	0	0	0	1094
0	0	0	0	0	0	0	1095
0	0	0	0	0	0	0	1096
0	0	0	0	0	0	0	1097
0	0	0	0	0	0	0	1098
0	0	0	0	0	0	0	1099
0	0	0	0	0	0	0	1100
0	0	0	0	0	0	0	1101
0	0	0	0	0	0	0	1102
0	0	0	0	0	0	0	1103
0	0	0	0	0	0	0	1104
0	0	0	0	0	0	0	1105
0	0	0	0	0	0	0	1106
0	0	0	0	0	0	0	1107
0	0	0	0	0	0	0	1108
0	0	0	0	0	0	0	1109
0	0	0	0	0	0	0	1110
0	0	0	0	0	0	0	1111
0	0	0	0	0	0	0	1112
0	0	0	0	0	0	0	1113
0	0	0	0	0	0	0	1114
0	0	0	0	0	0	0	1115
0	0	0	0	0	0	0	1116
0	0	0	0	0	0	0	1117
0	0	0	0	0	0	0	1118
0	0	0	0	0	0	0	1119
0	0	0	0	0	0	0	1120
0	0	0	0	0	0	0	1121
0	0	0	0	0	0	0	1122
0	0	0	0	0	0	0	1123
0	0	0	0	0	0	0	1124
0	0	0	0	0	0	0	1125
0	0	0	0	0	0	0	1126
0	0	0	0	0	0	0	1127
0	0	0	0	0	0	0	1128
0	0	0	0	0	0	0	1129
0	0	0	0	0	0	0	1130
0	0	0	0	0	0	0	1131
0	0	0	0	0	0	0	1132
0	0	0	0	0	0	0	1133
0	0	0	0	0	0	0	1134
0	0	0	0	0	0	0	1135
0	0	0	0	0	0	0	1136
0	0	0	0	0	0	0	1137
0	0	0	0	0	0	0	1138
0	0	0	0	0	0	0	1139
0	0	0	0	0	0	0	1140
0	0	0	0	0	0	0	1141
0	0	0	0	0	0	0	1142
0	0	0	0	0	0	0	1143
0	0	0	0	0	0	0	1144
0	0	0	0	0	0	0	1145
0	0	0	0	0	0	0	1146
0	0	0	0	0	0	0	1147
0	0	0	0	0	0	0	1148
0	0	0	0	0	0	0	1149
0	0	0	0	0	0	0	1150
0	0	0	0	0	0	0	1151
0	0	0	0	0	0	0	1152
0	0	0	0	0	0	0	1153
0	0	0	0	0	0	0	1154
0	0	0	0	0	0	0	1155
0	0	0	0	0	0	0	1156
0	0	0	0	0	0	0	1157
0	0	0	0	0	0	0	1158
0	0	0	0	0	0	0	1159
0	0	0	0	0	0	0	1160
0	0	0	0	0	0	0	1161
0	0	0	0	0	0	0	1162
0	0	0	0	0	0	0	1163
0	0	0	0	0	0	0	1164
0	0	0	0	0	0	0	1165
0	0	0	0	0	0	0	1166
0	0	0	0	0	0	0	1167
0	0	0	0	0	0	0	1168
0	0	0	0	0	0	0	1169
0	0	0	0	0	0	0	1170
0	0	0	0	0	0	0	1171
0	0	0	0	0	0	0	1172
0	0	0	0	0	0	0	1173
0	0	0	0	0	0	0	1174
0	0	0	0	0	0	0	1175
0	0	0	0	0	0	0	1176
0	0	0	0	0	0	0	1177
0	0	0	0	0	0	0	1178
0	0	0	0	0	0	0	1179
0	0	0	0	0	0	0	1180
0	0	0	0	0	0	0	1181
0	0	0	0	0	0	0	1182
0	0	0	0	0	0	0	1183
0	0	0	0	0	0	0	1184
0	0	0	0	0	0	0	1185
0	0	0	0	0	0	0	1186
0	0	0	0	0	0	0	1187
0	0	0	0	0	0	0	1188
0	0	0	0	0	0	0	1189
0	0	0	0	0	0	0	1190
0	0	0	0	0	0	0	1191
0	0	0	0	0	0	0	1192
0	0	0	0	0	0	0	1193
0	0	0	0	0	0	0	1194
0	0	0	0	0	0	0	1195
0	0	0	0	0	0	0	1196
0	0	0	0	0	0	0	1197
0	0	0	0	0	0	0	1198
0	0	0	0	0	0	0	1199
0	0	0	0	0	0	0	1200
0	0	0	0	0	0	0	1201
0	0	0	0	0	0	0	1202
0	0	0	0	0	0	0	1203
0	0	0	0	0	0	0	1204
0	0	0	0	0	0	0	1205
0	0	0	0	0	0	0	1206
0	0	0	0	0	0	0	1207
0	0	0	0	0	0	0	1208
0	0	0	0	0	0	0	1209
0	0	0	0	0	0	0	1210
0	0	0	0	0	0	0	1211
0	0	0	0	0	0	0	1212
0	0	0	0	0	0	0	1213
0	0	0	0	0	0	0	1214
0	0	0	0	0	0	0	1215
0	0	0	0	0	0	0	1216
0	0	0	0	0	0	0	1217
0	0	0	0	0	0	0	1218
0	0	0	0	0	0	0	1219
0	0	0	0	0	0	0	1220
0	0	0	0	0	0	0	1221
0	0	0	0	0	0	0	1222
0	0	0	0	0	0	0	1223
0	0	0	0	0	0	0	1224
0	0	0	0	0	0	0	1225
0	0	0	0	0	0	0	1226
0	0	0	0	0	0	0	1227
0	0	0	0	0	0	0	1228
0	0	0	0	0	0	0	1229
0	0	0	0	0	0	0	1230
0	0	0	0	0	0	0	1231
0	0	0	0	0	0	0	1232
0	0	0	0	0	0	0	1233
0	0	0	0	0	0	0	1234
0	0	0	0	0	0	0	1235
0	0	0	0	0	0	0	1236
0	0	0	0	0	0	0	1237
0	0	0	0	0	0	0	1238
0	0	0	0	0	0	0	1239
0	0	0	0	0	0	0	1240
0	0	0	0	0	0	0	1241
0	0	0	0	0	0	0	1242
0	0	0	0	0	0	0	1243
0	0	0	0	0	0	0	1244
0	0	0	0	0	0	0	1245
0	0	0	0	0	0	0	1246
0	0	0	0	0	0	0	1247
0	0	0	0	0	0	0	1248
0	0	0	0	0	0	0	1249
0	0	0	0	0	0	0	1250
0	0	0	0	0	0	0	1251
0	0	0	0	0	0	0	1252
0	0	0	0	0	0	0	1253
0	0	0	0	0	0	0	1254
0	0	0	0	0	0	0	1255
0	0	0	0	0	0	0	1256
0	0	0	0	0	0	0	1257
0	0	0	0	0	0	0	1258
0	0	0	0	0	0	0	1259
0	0	0	0	0	0	0	1260
0	0	0	0	0	0	0	1261
0	0	0	0	0	0	0	1262
0	0	0	0	0	0	0	1263
0	0	0	0	0	0	0	1264
1	1	433	119	453	151	2028	1265
1	1	433	119	455	155	2700	1266
1	1	432	122	456	157	2726	1267
1	1	432	125	457	159	2850	1268
1	1	431	127	458	158	2756	1269
1	1	430	128	458	164	3304	1270
1	1	430	128	456	162	2912	1271
1	1	431	129	451	158	1920	1272
1	1	431	105	470	157	6630	1273
1	1	440	105	470	132	2640	1274
1	1	440	106	473	136	3300	1275
1	1	432	106	474	155	6804	1276
1	1	432	107	474	154	6552	1277
1	1	432	109	475	158	6885	1278
1	1	432	112	477	164	7654	1279
1	1	433	114	480	162	7426	1280
1	1	433	117	481	164	7566	1281
1	1	435	119	482	163	6789	1282
1	1	437	122	483	164	6440	1283
1	1	440	124	483	165	5916	1284
1	1	441	126	485	169	6230	1285
1	1	441	129	484	170	5916	1286
1	1	441	132	485	169	5429	1287
1	1	442	135	484	166	4420	1288
1	1	442	138	482	166	3713	1289
1	1	456	140	482	164	2040	1290
1	1	457	143	480	165	1702	1291
1	1	457	143	480	165	1702	1292
1	1	457	143	480	165	1702	1293
1	1	457	143	480	165	1702	1294
1	1	457	143	480	165	1702	1295
1	1	457	143	480	165	1702	1296
1	1	457	143	480	165	1702	1297
0	0	0	0	0	0	0	1298
0	0	0	0	0	0	0	1299
0	0	0	0	0	0	0	1300
0	0	0	0	0	0	0	1301
0	0	0	0	0	0	0	1302
0	0	0	0	0	0	0	1303
0	0	0	0	0	0	0	1304
0	0	0	0	0	0	0	1305
0	0	0	0	0	0	0	1306
0	0	0	0	0	0	0	1307
0	0	0	0	0	0	0	1308
0	0	0	0	0	0	0	1309
0	0	0	0	0	0	0	1310
0	0	0	0	0	0	0	1311
0	0	0	0	0	0	0	1312
0	0	0	0	0	0	0	1313
0	0	0	0	0	0	0	1314
0	0	0	0	0	0	0	1315
0	0	0	0	0	0	0	1316
0	0	0	0	0	0	0	1317
0	0	0	0	0	0	0	1318
0	0	0	0	0	0	0	1319
0	0	0	0	0	0	0	1320
0	0	0	0	0	0	0	1321
0	0	0	0	0	0	0	1322
0	0	0	0	0	0	0	1323
0	0	0	0	0	0	0	1324
0	0	0	0	0	0	0	1325
0	0	0	0	0	0	0	1326
0	0	0	0	0	0	0	1327
0	0	0	0	0	0	0	1328
0	0	0	0	0	0	0	1329
0	0	0	0	0	0	0	1330
0	0	0	0	0	0	0	1331
0	0	0	0	0	0	0	1332
0	0	0	0	0	0	0	1333
0	0	0	0	0	0	0	1334
0	0	0	0	0	0	0	1335
0	0	0	0	0	0	0	1336
0	0	0	0	0	0	0	1337
0	0	0	0	0	0	0	1338
0	0	0	0	0	0	0	1339
0	0	0	0	0	0	0	1340
0	0	0	0	0	0	0	1341
0	0	0	0	0	0	0	1342
0	0	0	0	0	0	0	1343
0	0	0	0	0	0	0	1344
0	0	0	0	0	0	0	1345
0	0	0	0	0	0	0	1346
0	0	0	0	0	0	0	1347
0	0	0	0	0	0	0	1348
0	0	0	0	0	0	0	1349
0	0	0	0	0	0	0	1350
0	0	0	0	0	0	0	1351
0	0	0	0	0	0	0	1352
0	0	0	0	0	0	0	1353
0	0	0	0	0	0	0	1354
0	0	0	0	0	0	0	1355
0	0	0	0	0	0	0	1356
0	0	0	0	0	0	0	1357
0	0	0	0	0	0	0	1358
0	0	0	0	0	0	0	1359
0	0	0	0	0	0	0	1360
0	0	0	0	0	0	0	1361
0	0	0	0	0	0	0	1362
0	0	0	0	0	0	0	1363
0	0	0	0	0	0	0	1364
0	0	0	0	0	0	0	1365
0	0	0	0	0	0	0	1366
0	0	0	0	0	0	0	1367
0	0	0	0	0	0	0	1368
0	0	0	0	0	0	0	1369
0	0	0	0	0	0	0	1370
0	0	0	0	0	0	0	1371
0	0	0	0	0	0	0	1372
0	0	0	0	0	0	0	1373
0	0	0	0	0	0	0	1374
0	0	0	0	0	0	0	1375
0	0	0	0	0	0	0	1376
0	0	0	0	0	0	0	1377
0	0	0	0	0	0	0	1378
0	0	0	0	0	0	0	1379
0	0	0	0	0	0	0	1380
0	0	0	0	0	0	0	1381
0	0	0	0	0	0	0	1382
0	0	0	0	0	0	0	1383
0	0	0	0	0	0	0	1384
0	0	0	0	0	0	0	1385
0	0	0	0	0	0	0	1386
0	0	0	0	0	0	0	1387
0	0	0	0	0	0	0	1388
0	0	0	0	0	0	0	1389
0	0	0	0	0	0	0	1390
0	0	0	0	0	0	0	1391
0	0	0	0	0	0	0	1392
0	0	0	0	0	0	0	1393
0	0	0	0	0	0	0	1394
0	0	0	0	0	0	0	1395
0	0	0	0	0	0	0	1396
0	0	0	0	0	0	0	1397
0	0	0	0	0	0	0	1398
0	0	0	0	0	0	0	1399
0	0	0	0	0	0	0	1400
0	0	0	0	0	0	0	1401
0	0	0	0	0	0	0	1402
0	0	0	0	0	0	0	1403
0	0	0	0	0	0	0	1404
0	0	0	0	0	0	0	1405
0	0	0	0	0	0	0	1406
0	0	0	0	0	0	0	1407
0	0	0	0	0	0	0	1408
0	0	0	0	0	0	0	1409
0	0	0	0	0	0	0	1410
0	0	0	0	0	0	0	1411
0	0	0	0	0	0	0	1412
0	0	0	0	0	0	0	1413
0	0	0	0	0	0	0	1414
0	0	0	0	0	0	0	1415
0	0	0	0	0	0	0	1416
0	0	0	0	0	0	0	1417
0	0	0	0	0	0	0	1418
0	0	0	0	0	0	0	1419
0	0	0	0	0	0	0	1420
0	0	0	0	0	0	0	1421
0	0	0	0	0	0	0	1422
0	0	0	0	0	0	0	1423
0	0	0	0	0	0	0	1424
0	0	0	0	0	0	0	1425
0	0	0	0	0	0	0	1426
0	0	0	0	0	0	0	1427
0	0	0	0	0	0	0	1428
0	0	0	0	0	0	0	1429
0	0	0	0	0	0	0	1430
0	0	0	0	0	0	0	1431
0	0	0	0	0	0	0	1432
0	0	0	0	0	0	0	1433
0	0	0	0	0	0	0	1434
0	0	0	0	0	0	0	1435
0	0	0	0	0	0	0	1436
0	0	0	0	0	0	0	1437
0	0	0	0	0	0	0	1438
0	0	0	0	0	0	0	1439
0	0	0	0	0	0	0	1440
0	0	0	0	0	0	0	1441
0	0	0	0	0	0	0	1442
0	0	0	0	0	0	0	1443
0	0	0	0	0	0	0	1444
0	0	0	0	0	0	0	1445
0	0	0	0	0	0	0	1446
0	0	0	0	0	0	0	1447
0	0	0	0	0	0	0	1448
0	0	0	0	0	0	0	1449
0	0	0	0	0	0	0	1450
0	0	0	0	0	0	0	1451
0	0	0	0	0	0	0	1452
0	0	0	0	0	0	0	1453
0	0	0	0	0	0	0	1454
0	0	0	0	0	0	0	1455
0	0	0	0	0	0	0	1456
0	0	0	0	0	0	0	1457
0	0	0	0	0	0	0	1458
0	0	0	0	0	0	0	1459
0	0	0	0	0	0	0	1460
0	0	0	0	0	0	0	1461
0	0	0	0	0	0	0	1462
0	0	0	0	0	0	0	1463
0	0	0	0	0	0	0	1464
0	0	0	0	0	0	0	1465
0	0	0	0	0	0	0	1466
0	0	0	0	0	0	0	1467
0	0	0	0	0	0	0	1468
0	0	0	0	0	0	0	1469
0	0	0	0	0	0	0	1470
0	0	0	0	0	0	0	1471
0	0	0	0	0	0	0	1472
0	0	0	0	0	0	0	1473
0	0	0	0	0	0	0	1474
0	0	0	0	0	0	0	1475
0	0	0	0	0	0	0	1476
0	0	0	0	0	0	0	1477
0	0	0	0	0	0	0	1478
0	0	0	0	0	0	0	1479
0	0	0	0	0	0	0	1480
0	0	0	0	0	0	0	1481
0	0	0	0	0	0	0	1482
0	0	0	0	0	0	0	1483
0	0	0	0	0	0	0	1484
0	0	0	0	0	0	0	1485
0	0	0	0	0	0	0	1486
0	0	0	0	0	0	0	1487
0	0	0	0	0	0	0	1488
0	0	0	0	0	0	0	1489
0	0	0	0	0	0	0	1490
0	0	0	0	0	0	0	1491
0	0	0	0	0	0	0	1492
0	0	0	0	0	0	0	1493
0	0	0	0	0	0	0	1494
0	0	0	0	0	0	0	1495
0	0	0	0	0	0	0	1496
0	0	0	0	0	0	0	1497
0	0	0	0	0	0	0	1498
0	0	0	0	0	0	0	1499
0	0	0	0	0	0	0	1500
0	0	0	0	0	0	0	1501
0	0	0	0	0	0	0	1502
0	0	0	0	0	0	0	1503
0	0	0	0	0	0	0	1504
0	0	0	0	0	0	0	1505
0	0	0	0	0	0	0	1506
0	0	0	0	0	0	0	1507
0	0	0	0	0	0	0	1508
0	0	0	0	0	0	0	1509
0	0	0	0	0	0	0	1510
0	0	0	0	0	0	0	1511
0	0	0	0	0	0	0	1512
0	0	0	0	0	0	0	1513
0	0	0	0	0	0	0	1514
0	0	0	0	0	0	0	1515
0	0	0	0	0	0	0	1516
0	0	0	0	0	0	0	1517
0	0	0	0	0	0	0	1518
0	0	0	0	0	0	0	1519
0	0	0	0	0	0	0	1520
0	0	0	0	0	0	0	1521
0	0	0	0	0	0	0	1522
0	0	0	0	0	0	0	1523
0	0	0	0	0	0	0	1524
0	0	0	0	0	0	0	1525
0	0	0	0	0	0	0	1526
0	0	0	0	0	0	0	1527
0	0	0	0	0	0	0	1528
0	0	0	0	0	0	0	1529
0	0	0	0	0	0	0	1530
0	0	0	0	0	0	0	1531
0	0	0	0	0	0	0	1532
0	0	0	0	0	0	0	1533
0	0	0	0	0	0	0	1534
0	0	0	0	0	0	0	1535
0	0	0	0	0	0	0	1536
0	0	0	0	0	0	0	1537
0	0	0	0	0	0	0	1538
0	0	0	0	0	0	0	1539
0	0	0	0	0	0	0	1540
0	0	0	0	0	0	0	1541
0	0	0	0	0	0	0	1542
0	0	0	0	0	0	0	1543
0	0	0	0	0	0	0	1544
0	0	0	0	0	0	0	1545
0	0	0	0	0	0	0	1546
0	0	0	0	0	0	0	1547
0	0	0	0	0	0	0	1548
0	0	0	0	0	0	0	1549
0	0	0	0	0	0	0	1550
0	0	0	0	0	0	0	1551
0	0	0	0	0	0	0	1552
0	0	0	0	0	0	0	1553
0	0	0	0	0	0	0	1554
0	0	0	0	0	0	0	1555
0	0	0	0	0	0	0	1556
0	0	0	0	0	0	0	1557
0	0	0	0	0	0	0	1558
0	0	0	0	0	0	0	1559
0	0	0	0	0	0	0	1560
0	0	0	0	0	0	0	1561
0	0	0	0	0	0	0	1562
0	0	0	0	0	0	0	1563
0	0	0	0	0	0	0	1564
0	0	0	0	0	0	0	1565
0	0	0	0	0	0	0	1566
0	0	0	0	0	0	0	1567
0	0	0	0	0	0	0	1568
0	0	0	0	0	0	0	1569
0	0	0	0	0	0	0	1570
0	0	0	0	0	0	0	1571
0	0	0	0	0	0	0	1572
0	0	0	0	0	0	0	1573
0	0	0	0	0	0	0	1574
0	0	0	0	0	0	0	1575
0	0	0	0	0	0	0	1576
0	0	0	0	0	0	0	1577
0	0	0	0	0	0	0	1578
0	0	0	0	0	0	0	1579
0	0	0	0	0	0	0	1580
0	0	0	0	0	0	0	1581
0	0	0	0	0	0	0	1582
0	0	0	0	0	0	0	1583
0	0	0	0	0	0	0	1584
0	0	0	0	0	0	0	1585
0	0	0	0	0	0	0	1586
0	0	0	0	0	0	0	1587
0	0	0	0	0	0	0	1588
0	0	0	0	0	0	0	1589
0	0	0	0	0	0	0	1590
0	0	0	0	0	0	0	1591
0	0	0	0	0	0	0	1592
0	0	0	0	0	0	0	1593
0	0	0	0	0	0	0	1594
0	0	0	0	0	0	0	1595
0	0	0	0	0	0	0	1596
0	0	0	0	0	0	0	1597
0	0	0	0	0	0	0	1598
0	0	0	0	0	0	0	1599
0	0	0	0	0	0	0	1600
0	0	0	0	0	0	0	1601
0	0	0	0	0	0	0	1602
0	0	0	0	0	0	0	1603
0	0	0	0	0	0	0	1604
0	0	0	0	0	0	0	1605
0	0	0	0	0	0	0	1606
0	0	0	0	0	0	0	1607
0	0	0	0	0	0	0	1608
0	0	0	0	0	0	0	1609
0	0	0	0	0	0	0	1610
0	0	0	0	0	0	0	1611
0	0	0	0	0	0	0	1612
0	0	0	0	0	0	0	1613
0	0	0	0	0	0	0	1614
0	0	0	0	0	0	0	1615
0	0	0	0	0	0	0	1616
0	0	0	0	0	0	0	1617
0	0	0	0	0	0	0	1618
0	0	0	0	0	0	0	1619
0	0	0	0	0	0	0	1620
0	0	0	0	0	0	0	1621
0	0	0	0	0	0	0	1622
0	0	0	0	0	0	0	1623
0	0	0	0	0	0	0	1624
0	0	0	0	0	0	0	1625
0	0	0	0	0	0	0	1626
0	0	0	0	0	0	0	1627
0	0	0	0	0	0	0	1628
0	0	0	0	0	0	0	1629
0	0	0	0	0	0	0	1630
0	0	0	0	0	0	0	1631
0	0	0	0	0	0	0	1632
0	0	0	0	0	0	0	1633
0	0	0	0	0	0	0	1634
0	0	0	0	0	0	0	1635
0	0	0	0	0	0	0	1636
0	0	0	0	0	0	0	1637
0	0	0	0	0	0	0	1638
0	0	0	0	0	0	0	1639
0	0	0	0	0	0	0	1640
0	0	0	0	0	0	0	1641
0	0	0	0	0	0	0	1642
0	0	0	0	0	0	0	1643
0	0	0	0	0	0	0	1644
0	0	0	0	0	0	0	1645
0	0	0	0	0	0	0	1646
0	0	0	0	0	0	0	1647
0	0	0	0	0	0	0	1648
0	0	0	0	0	0	0	1649
0	0	0	0	0	0	0	1650
0	0	0	0	0	0	0	1651
0	0	0	0	0	0	0	1652
0	0	0	0	0	0	0	1653
0	0	0	0	0	0	0	1654
0	0	0	0	0	0	0	1655
0	0	0	0	0	0	0	1656
0	0	0	0	0	0	0	1657
0	0	0	0	0	0	0	1658
0	0	0	0	0	0	0	1659
0	0	0	0	0	0	0	1660
0	0	0	0	0	0	0	1661
0	0	0	0	0	0	0	1662
0	0	0	0	0	0	0	1663
0	0	0	0	0	0	0	1664
0	0	0	0	0	0	0	1665
0	0	0	0	0	0	0	1666
0	0	0	0	0	0	0	1667
0	0	0	0	0	0	0	1668
0	0	0	0	0	0	0	1669
0	0	0	0	0	0	0	1670
0	0	0	0	0	0	0	1671
0	0	0	0	0	0	0	1672
0	0	0	0	0	0	0	1673
0	0	0	0	0	0	0	1674
0	0	0	0	0	0	0	1675
0	0	0	0	0	0	0	1676
0	0	0	0	0	0	0	1677
0	0	0	0	0	0	0	1678
0	0	0	0	0	0	0	1679
0	0	0	0	0	0	0	1680
0	0	0	0	0	0	0	1681
0	0	0	0	0	0	0	1682
0	0	0	0	0	0	0	1683
0	0	0	0	0	0	0	1684
0	0	0	0	0	0	0	1685
0	0	0	0	0	0	0	1686
0	0	0	0	0	0	0	1687
0	0	0	0	0	0	0	1688
0	0	0	0	0	0	0	1689
0	0	0	0	0	0	0	1690
0	0	0	0	0	0	0	1691
0	0	0	0	0	0	0	1692
0	0	0	0	0	0	0	1693
0	0	0	0	0	0	0	1694
0	0	0	0	0	0	0	1695
0	0	0	0	0	0	0	1696
0	0	0	0	0	0	0	1697
0	0	0	0	0	0	0	1698
0	0	0	0	0	0	0	1699
0	0	0	0	0	0	0	1700
0	0	0	0	0	0	0	1701
0	0	0	0	0	0	0	1702
0	0	0	0	0	0	0	1703
0	0	0	0	0	0	0	1704
0	0	0	0	0	0	0	1705
0	0	0	0	0	0	0	1706
0	0	0	0	0	0	0	1707
0	0	0	0	0	0	0	1708
0	0	0	0	0	0	0	1709
0	0	0	0	0	0	0	1710
0	0	0	0	0	0	0	1711
0	0	0	0	0	0	0	1712
0	0	0	0	0	0	0	1713
0	0	0	0	0	0	0	1714
0	0	0	0	0	0	0	1715
0	0	0	0	0	0	0	1716
0	0	0	0	0	0	0	1717
0	0	0	0	0	0	0	1718
0	0	0	0	0	0	0	1719
0	0	0	0	0	0	0	1720
0	0	0	0	0	0	0	1721
0	0	0	0	0	0	0	1722
0	0	0	0	0	0	0	1723
0	0	0	0	0	0	0	1724
0	0	0	0	0	0	0	1725
0	0	0	0	0	0	0	1726
0	0	0	0	0	0	0	1727
0	0	0	0	0	0	0	1728
0	0	0	0	0	0	0	1729
0	0	0	0	0	0	0	1730
0	0	0	0	0	0	0	1731
0	0	0	0	0	0	0	1732
0	0	0	0	0	0	0	1733
0	0	0	0	0	0	0	1734
0	0	0	0	0	0	0	1735
0	0	0	0	0	0	0	1736
0	0	0	0	0	0	0	1737
0	0	0	0	0	0	0	1738
0	0	0	0	0	0	0	1739
0	0	0	0	0	0	0	1740
0	0	0	0	0	0	0	1741
0	0	0	0	0	0	0	1742
0	0	0	0	0	0	0	1743
0	0	0	0	0	0	0	1744
0	0	0	0	0	0	0	1745
0	0	0	0	0	0	0	1746
0	0	0	0	0	0	0	1747
0	0	0	0	0	0	0	1748
0	0	0	0	0	0	0	1749
0	0	0	0	0	0	0	1750
0	0	0	0	0	0	0	1751
0	0	0	0	0	0	0	1752
0	0	0	0	0	0	0	1753
0	0	0	0	0	0	0	1754
0	0	0	0	0	0	0	1755
0	0	0	0	0	0	0	1756
0	0	0	0	0	0	0	1757
0	0	0	0	0	0	0	1758
0	0	0	0	0	0	0	1759
0	0	0	0	0	0	0	1760
0	0	0	0	0	0	0	1761
0	0	0	0	0	0	0	1762
0	0	0	0	0	0	0	1763
0	0	0	0	0	0	0	1764
0	0	0	0	0	0	0	1765
0	0	0	0	0	0	0	1766
0	0	0	0	0	0	0	1767
0	0	0	0	0	0	0	1768
0	0	0	0	0	0	0	1769
0	0	0	0	0	0	0	1770
0	0	0	0	0	0	0	1771
0	0	0	0	0	0	0	1772
0	0	0	0	0	0	0	1773
0	0	0	0	0	0	0	1774
0	0	0	0	0	0	0	1775
0	0	0	0	0	0	0	1776
0	0	0	0	0	0	0	1777
0	0	0	0	0	0	0	1778
0	0	0	0	0	0	0	1779
0	0	0	0	0	0	0	1780
0	0	0	0	0	0	0	1781
0	0	0	0	0	0	0	1782
0	0	0	0	0	0	0	1783
0	0	0	0	0	0	0	1784
0	0	0	0	0	0	0	1785
0	0	0	0	0	0	0	1786
0	0	0	0	0	0	0	1787
0	0	0	0	0	0	0	1788
0	0	0	0	0	0	0	1789
0	0	0	0	0	0	0	1790
0	0	0	0	0	0	0	1791
0	0	0	0	0	0	0	1792
0	0	0	0	0	0	0	1793
0	0	0	0	0	0	0	1794
0	0	0	0	0	0	0	1795
0	0	0	0	0	0	0	1796
0	0	0	0	0	0	0	1797
0	0	0	0	0	0	0	1798
0	0	0	0	0	0	0	1799
0	0	0	0	0	0	0	1800
0	0	0	0	0	0	0	1801
0	0	0	0	0	0	0	1802
0	0	0	0	0	0	0	1803
0	0	0	0	0	0	0	1804
0	0	0	0	0	0	0	1805
0	0	0	0	0	0	0	1806
0	0	0	0	0	0	0	1807
0	0	0	0	0	0	0	1808
0	0	0	0	0	0	0	1809
0	0	0	0	0	0	0	1810
0	0	0	0	0	0	0	1811
0	0	0	0	0	0	0	1812
0	0	0	0	0	0	0	1813
0	0	0	0	0	0	0	1814
0	0	0	0	0	0	0	1815
0	0	0	0	0	0	0	1816
0	0	0	0	0	0	0	1817
0	0	0	0	0	0	0	1818
0	0	0	0	0	0	0	1819
0	0	0	0	0	0	0	1820
0	0	0	0	0	0	0	1821
0	0	0	0	0	0	0	1822
0	0	0	0	0	0	0	1823
0	0	0	0	0	0	0	1824
0	0	0	0	0	0	0	1825
0	0	0	0	0	0	0	1826
0	0	0	0	0	0	0	1827
0	0	0	0	0	0	0	1828
0	0	0	0	0	0	0	1829
0	0	0	0	0	0	0	1830
0	0	0	0	0	0	0	1831
0	0	0	0	0	0	0	1832
0	0	0	0	0	0	0	1833
0	0	0	0	0	0	0	1834
0	0	0	0	0	0	0	1835
0	0	0	0	0	0	0	1836
0	0	0	0	0	0	0	1837
0	0	0	0	0	0	0	1838
0	0	0	0	0	0	0	1839
0	0	0	0	0	0	0	1840
0	0	0	0	0	0	0	1841
0	0	0	0	0	0	0	1842
0	0	0	0	0	0	0	1843
0	0	0	0	0	0	0	1844
0	0	0	0	0	0	0	1845
0	0	0	0	0	0	0	1846
0	0	0	0	0	0	0	1847
0	0	0	0	0	0	0	1848
0	0	0	0	0	0	0	1849
0	0	0	0	0	0	0	1850
0	0	0	0	0	0	0	1851
0	0	0	0	0	0	0	1852
0	0	0	0	0	0	0	1853
0	0	0	0	0	0	0	1854
0	0	0	0	0	0	0	1855
0	0	0	0	0	0	0	1856
0	0	0	0	0	0	0	1857
0	0	0	0	0	0	0	1858
0	0	0	0	0	0	0	1859
0	0	0	0	0	0	0	1860
0	0	0	0	0	0	0	1861
0	0	0	0	0	0	0	1862
0	0	0	0	0	0	0	1863
0	0	0	0	0	0	0	1864
0	0	0	0	0	0	0	1865
0	0	0	0	0	0	0	1866
0	0	0	0	0	0	0	1867
0	0	0	0	0	0	0	1868
0	0	0	0	0	0	0	1869
0	0	0	0	0	0	0	1870
0	0	0	0	0	0	0	1871
0	0	0	0	0	0	0	1872
0	0	0	0	0	0	0	1873
0	0	0	0	0	0	0	1874
0	0	0	0	0	0	0	1875
0	0	0	0	0	0	0	1876
0	0	0	0	0	0	0	1877
0	0	0	0	0	0	0	1878
0	0	0	0	0	0	0	1879
0	0	0	0	0	0	0	1880
0	0	0	0	0	0	0	1881
0	0	0	0	0	0	0	1882
0	0	0	0	0	0	0	1883
0	0	0	0	0	0	0	1884
0	0	0	0	0	0	0	1885
0	0	0	0	0	0	0	1886
0	0	0	0	0	0	0	1887
0	0	0	0	0	0	0	1888
0	0	0	0	0	0	0	1889
0	0	0	0	0	0	0	1890
0	0	0	0	0	0	0	1891
0	0	0	0	0	0	0	1892
0	0	0	0	0	0	0	1893
0	0	0	0	0	0	0	1894
0	0	0	0	0	0	0	1895
0	0	0	0	0	0	0	1896
0	0	0	0	0	0	0	1897
0	0	0	0	0	0	0	1898
0	0	0	0	0	0	0	1899
0	0	0	0	0	0	0	1900
0	0	0	0	0	0	0	1901
0	0	0	0	0	0	0	1902
0	0	0	0	0	0	0	1903
0	0	0	0	0	0	0	1904
0	0	0	0	0	0	0	1905
0	0	0	0	0	0	0	1906
0	0	0	0	0	0	0	1907
0	0	0	0	0	0	0	1908
0	0	0	0	0	0	0	1909
0	0	0	0	0	0	0	1910
0	0	0	0	0	0	0	1911
0	0	0	0	0	0	0	1912
0	0	0	0	0	0	0	1913
0	0	0	0	0	0	0	1914
0	0	0	0	0	0	0	1915
0	0	0	0	0	0	0	1916
0	0	0	0	0	0	0	1917
0	0	0	0	0	0	0	1918
0	0	0	0	0	0	0	1919
0	0	0	0	0	0	0	1920
0	0	0	0	0	0	0	1921
0	0	0	0	0	0	0	1922
0	0	0	0	0	0	0	1923
0	0	0	0	0	0	0	1924
0	0	0	0	0	0	0	1925
0	0	0	0	0	0	0	1926
0	0	0	0	0	0	0	1927
0	0	0	0	0	0	0	1928
0	0	0	0	0	0	0	1929
0	0	0	0	0	0	0	1930
0	0	0	0	0	0	0	1931
0	0	0	0	0	0	0	1932
0	0	0	0	0	0	0	1933
0	0	0	0	0	0	0	1934
0	0	0	0	0	0	0	1935
0	0	0	0	0	0	0	1936
0	0	0	0	0	0	0	1937
0	0	0	0	0	0	0	1938
0	0	0	0	0	0	0	1939
0	0	0	0	0	0	0	1940
0	0	0	0	0	0	0	1941
0	0	0	0	0	0	0	1942
0	0	0	0	0	0	0	1943
0	0	0	0	0	0	0	1944
0	0	0	0	0	0	0	1945
0	0	0	0	0	0	0	1946
0	0	0	0	0	0	0	1947
0	0	0	0	0	0	0	1948
0	0	0	0	0	0	0	1949
0	0	0	0	0	0	0	1950
0	0	0	0	0	0	0	1951
0	0	0	0	0	0	0	1952
0	0	0	0	0	0	0	1953
0	0	0	0	0	0	0	1954
0	0	0	0	0	0	0	1955
0	0	0	0	0	0	0	1956
0	0	0	0	0	0	0	1957
0	0	0	0	0	0	0	1958
0	0	0	0	0	0	0	1959
0	0	0	0	0	0	0	1960
0	0	0	0	0	0	0	1961
0	0	0	0	0	0	0	1962
0	0	0	0	0	0	0	1963
0	0	0	0	0	0	0	1964
0	0	0	0	0	0	0	1965
0	0	0	0	0	0	0	1966
0	0	0	0	0	0	0	1967
0	0	0	0	0	0	0	1968
0	0	0	0	0	0	0	1969
0	0	0	0	0	0	0	1970
0	0	0	0	0	0	0	1971
0	0	0	0	0	0	0	1972
0	0	0	0	0	0	0	1973
0	0	0	0	0	0	0	1974
0	0	0	0	0	0	0	1975
0	0	0	0	0	0	0	1976
0	0	0	0	0	0	0	1977
0	0	0	0	0	0	0	1978
0	0	0	0	0	0	0	1979
0	0	0	0	0	0	0	1980
0	0	0	0	0	0	0	1981
0	0	0	0	0	0	0	1982
0	0	0	0	0	0	0	1983
0	0	0	0	0	0	0	1984
0	0	0	0	0	0	0	1985
0	0	0	0	0	0	0	1986
0	0	0	0	0	0	0	1987
0	0	0	0	0	0	0	1988
0	0	0	0	0	0	0	1989
0	0	0	0	0	0	0	1990
0	0	0	0	0	0	0	1991
0	0	0	0	0	0	0	1992
0	0	0	0	0	0	0	1993
0	0	0	0	0	0	0	1994
0	0	0	0	0	0	0	1995
0	0	0	0	0	0	0	1996
0	0	0	0	0	0	0	1997
0	0	0	0	0	0	0	1998
0	0	0	0	0	0	0	1999
0	0	0	0	0	0	0	2000
0	0	0	0	0	0	0	2001
0	0	0	0	0	0	0	2002
0	0	0	0	0	0	0	2003
0	0	0	0	0	0	0	2004
0	0	0	0	0	0	0	2005
0	0	0	0	0	0	0	2006
0	0	0	0	0	0	0	2007
0	0	0	0	0	0	0	2008
0	0	0	0	0	0	0	2009
0	0	0	0	0	0	0	2010
0	0	0	0	0	0	0	2011
0	0	0	0	0	0	0	2012
0	0	0	0	0	0	0	2013
0	0	0	0	0	0	0	2014
0	0	0	0	0	0	0	2015
0	0	0	0	0	0	0	2016
0	0	0	0	0	0	0	2017
0	0	0	0	0	0	0	2018
0	0	0	0	0	0	0	2019
0	0	0	0	0	0	0	2020
0	0	0	0	0	0	0	2021
0	0	0	0	0	0	0	2022
0	0	0	0	0	0	0	2023
0	0	0	0	0	0	0	2024
0	0	0	0	0	0	0	2025
0	0	0	0	0	0	0	2026
0	0	0	0	0	0	0	2027
0	0	0	0	0	0	0	2028
0	0	0	0	0	0	0	2029
0	0	0	0	0	0	0	2030
0	0	0	0	0	0	0	2031
0	0	0	0	0	0	0	2032
0	0	0	0	0	0	0	2033
0	0	0	0	0	0	0	2034
0	0	0	0	0	0	0	2035
0	0	0	0	0	0	0	2036
0	0	0	0	0	0	0	2037
0	0	0	0	0	0	0	2038
0	0	0	0	0	0	0	2039
0	0	0	0	0	0	0	2040
0	0	0	0	0	0	0	2041
0	0	0	0	0	0	0	2042
0	0	0	0	0	0	0	2043
0	0	0	0	0	0	0	2044
0	0	0	0	0	0	0	2045
0	0	0	0	0	0	0	2046
0	0	0	0	0	0	0	2047
0	0	0	0	0	0	0	2048
0	0	0	0	0	0	0	2049
0	0	0	0	0	0	0	2050
0	0	0	0	0	0	0	2051
0	0	0	0	0	0	0	2052
0	0	0	0	0	0	0	2053
0	0	0	0	0	0	0	2054
0	0	0	0	0	0	0	2055
0	0	0	0	0	0	0	2056
0	0	0	0	0	0	0	2057
0	0	0	0	0	0	0	2058
0	0	0	0	0	0	0	2059
0	0	0	0	0	0	0	2060
0	0	0	0	0	0	0	2061
0	0	0	0	0	0	0	2062
0	0	0	0	0	0	0	2063
0	0	0	0	0	0	0	2064
0	0	0	0	0	0	0	2065
0	0	0	0	0	0	0	2066
0	0	0	0	0	0	0	2067
0	0	0	0	0	0	0	2068
0	0	0	0	0	0	0	2069
0	0	0	0	0	0	0	2070
0	0	0	0	0	0	0	2071
0	0	0	0	0	0	0	2072
0	0	0	0	0	0	0	2073
0	0	0	0	0	0	0	2074
0	0	0	0	0	0	0	2075
0	0	0	0	0	0	0	2076
0	0	0	0	0	0	0	2077
0	0	0	0	0	0	0	2078
0	0	0	0	0	0	0	2079
0	0	0	0	0	0	0	2080
0	0	0	0	0	0	0	2081
0	0	0	0	0	0	0	2082
0	0	0	0	0	0	0	2083
0	0	0	0	0	0	0	2084
0	0	0	0	0	0	0	2085
0	0	0	0	0	0	0	2086
0	0	0	0	0	0	0	2087
0	0	0	0	0	0	0	2088
0	0	0	0	0	0	0	2089
0	0	0	0	0	0	0	2090
0	0	0	0	0	0	0	2091
0	0	0	0	0	0	0	2092
0	0	0	0	0	0	0	2093
0	0	0	0	0	0	0	2094
0	0	0	0	0	0	0	2095
0	0	0	0	0	0	0	2096
0	0	0	0	0	0	0	2097
0	0	0	0	0	0	0	2098
0	0	0	0	0	0	0	2099
0	0	0	0	0	0	0	2100
0	0	0	0	0	0	0	2101
0	0	0	0	0	0	0	2102
0	0	0	0	0	0	0	2103
0	0	0	0	0	0	0	2104
0	0	0	0	0	0	0	2105
0	0	0	0	0	0	0	2106
0	0	0	0	0	0	0	2107
0	0	0	0	0	0	0	2108
0	0	0	0	0	0	0	2109
0	0	0	0	0	0	0	2110
0	0	0	0	0	0	0	2111
0	0	0	0	0	0	0	2112
0	0	0	0	0	0	0	2113
0	0	0	0	0	0	0	2114
0	0	0	0	0	0	0	2115
0	0	0	0	0	0	0	2116
0	0	0	0	0	0	0	2117
0	0	0	0	0	0	0	2118
0	0	0	0	0	0	0	2119
0	0	0	0	0	0	0	2120
0	0	0	0	0	0	0	2121
0	0	0	0	0	0	0	2122
0	0	0	0	0	0	0	2123
0	0	0	0	0	0	0	2124
0	0	0	0	0	0	0	2125
0	0	0	0	0	0	0	2126
0	0	0	0	0	0	0	2127
0	0	0	0	0	0	0	2128
0	0	0	0	0	0	0	2129
0	0	0	0	0	0	0	2130
0	0	0	0	0	0	0	2131
0	0	0	0	0	0	0	2132
0	0	0	0	0	0	0	2133
0	0	0	0	0	0	0	2134
0	0	0	0	0	0	0	2135
0	0	0	0	0	0	0	2136
0	0	0	0	0	0	0	2137
0	0	0	0	0	0	0	2138
0	0	0	0	0	0	0	2139
0	0	0	0	0	0	0	2140
0	0	0	0	0	0	0	2141
0	0	0	0	0	0	0	2142
0	0	0	0	0	0	0	2143
0	0	0	0	0	0	0	2144
0	0	0	0	0	0	0	2145
0	0	0	0	0	0	0	2146
0	0	0	0	0	0	0	2147
0	0	0	0	0	0	0	2148
0	0	0	0	0	0	0	2149
0	0	0	0	0	0	0	2150
0	0	0	0	0	0	0	2151
0	0	0	0	0	0	0	2152
0	0	0	0	0	0	0	2153
0	0	0	0	0	0	0	2154
0	0	0	0	0	0	0	2155
0	0	0	0	0	0	0	2156
0	0	0	0	0	0	0	2157
0	0	0	0	0	0	0	2158
0	0	0	0	0	0	0	2159
0	0	0	0	0	0	0	2160
0	0	0	0	0	0	0	2161
0	0	0	0	0	0	0	2162
0	0	0	0	0	0	0	2163
0	0	0	0	0	0	0	2164
0	0	0	0	0	0	0	2165
0	0	0	0	0	0	0	2166
0	0	0	0	0	0	0	2167
0	0	0	0	0	0	0	2168
0	0	0	0	0	0	0	2169
0	0	0	0	0	0	0	2170
0	0	0	0	0	0	0	2171
0	0	0	0	0	0	0	2172
0	0	0	0	0	0	0	2173
0	0	0	0	0	0	0	2174
0	0	0	0	0	0	0	2175
0	0	0	0	0	0	0	2176
0	0	0	0	0	0	0	2177
0	0	0	0	0	0	0	2178
0	0	0	0	0	0	0	2179
0	0	0	0	0	0	0	2180
1	2	448	148	478	169	2040	2181
1	2	445	143	485	170	3680	2182
1	2	431	140	485	177	6588	2183
1	2	431	138	485	177	7085	2184
1	2	427	136	484	177	7638	2185
1	2	422	134	483	177	8733	2186
1	2	421	132	483	177	9102	2187
1	2	423	129	481	177	9243	2188
1	2	422	126	479	177	9462	2189
1	2	423	123	477	174	9156	2190
1	2	421	122	477	175	9768	2191
1	2	422	118	475	172	9345	2192
1	2	422	117	474	170	9167	2193
1	2	422	116	473	171	9373	2194
1	2	422	115	472	170	9108	2195
1	2	422	116	471	170	8820	2196
1	2	422	116	471	172	9108	2197
1	2	419	116	472	173	9975	2198
1	2	418	116	471	175	10388	2199
1	2	415	115	471	175	11088	2200
1	2	413	115	469	175	11200	2201
1	2	412	114	469	175	11526	2202
1	2	412	112	467	176	11550	2203
1	2	413	111	467	175	11556	2204
1	2	390	110	466	175	16416	2205
1	2	390	108	464	175	16576	2206
1	2	391	105	462	175	16472	2207
1	2	396	102	458	171	14260	2208
1	2	390	99	455	166	14300	2209
1	2	390	96	454	167	15222	2210
1	2	389	95	453	166	14976	2211
1	2	386	94	451	166	15470	2212
1	2	384	93	450	166	15851	2213
1	2	383	91	448	166	15990	2214
1	2	383	90	447	166	16000	2215
1	2	383	88	446	166	16128	2216
1	2	381	88	444	165	16256	2217
1	2	376	85	442	164	17290	2218
1	2	372	83	441	164	18626	2219
1	2	370	81	439	163	18630	2220
1	2	366	79	438	161	19591	2221
1	2	361	74	433	155	19430	2222
1	2	359	70	431	158	21024	2223
1	2	359	67	428	162	21666	2224
1	2	358	64	425	161	21870	2225
1	2	355	60	422	161	22512	2226
1	2	352	60	419	156	21147	2227
1	2	348	60	415	160	22110	2228
1	2	344	60	412	157	21760	2229
1	2	344	60	410	153	20328	2230
1	2	343	60	408	148	18834	2231
1	2	338	60	405	134	16470	2232
1	2	335	60	403	137	17145	2233
1	2	336	60	400	133	15609	2234
1	2	335	60	399	133	15488	2235
1	2	327	60	396	133	16819	2236
1	2	324	60	394	133	16940	2237
1	2	319	60	392	132	17400	2238
1	2	316	60	389	132	17520	2239
1	2	308	60	384	129	17595	2240
1	2	307	60	382	129	16986	2241
1	2	301	60	380	127	17538	2242
1	2	302	60	378	123	16065	2243
1	2	301	60	377	123	15960	2244
1	2	300	60	375	123	15496	2245
1	2	299	60	372	123	15184	2246
1	2	303	60	370	122	13905	2247
1	2	295	60	367	122	14935	2248
1	2	294	60	365	122	14382	2249
1	2	297	60	361	120	12900	2250
1	2	293	60	359	126	14520	2251
1	2	288	60	356	127	14985	2252
1	2	287	60	353	127	14652	2253
1	2	283	60	349	128	14784	2254
1	2	279	60	348	131	16146	2255
1	2	278	60	346	131	15930	2256
1	2	279	60	342	131	14986	2257
1	2	274	60	341	134	16226	2258
1	2	272	60	340	141	18360	2259
1	2	275	60	339	143	17664	2260
1	2	275	60	332	143	15732	2261
1	2	273	60	330	140	15162	2262
1	2	273	60	328	143	15042	2263
1	2	274	60	326	140	13965	2264
1	2	271	60	325	140	14231	2265
1	2	268	60	322	141	14580	2266
1	2	263	60	321	143	15870	2267
1	2	262	60	319	141	15276	2268
1	2	260	60	318	142	15912	2269
1	2	258	60	317	141	16065	2270
1	2	255	60	316	149	17908	2271
1	2	251	60	314	162	21125	2272
1	2	251	60	312	169	21780	2273
1	2	249	60	310	170	22143	2274
1	2	248	60	308	167	21360	2275
1	2	240	60	306	171	24288	2276
1	2	242	60	305	168	22733	2277
1	2	239	60	304	171	23736	2278
1	2	230	60	302	171	26496	2279
1	2	227	60	302	172	27900	2280
1	2	231	60	302	175	27122	2281
1	2	212	60	301	182	36158	2282
1	2	215	60	302	189	37022	2283
1	2	229	60	301	199	33495	2284
1	2	225	60	301	201	35416	2285
1	2	233	69	317	201	36792	2286
1	2	233	82	317	207	34402	2287
1	2	233	86	318	213	35870	2288
1	2	233	89	319	202	32164	2289
1	2	234	91	319	201	30951	2290
1	2	236	94	319	204	30227	2291
1	2	237	96	321	203	29904	2292
1	2	237	96	319	202	28525	2293
1	2	237	96	322	202	29744	2294
1	2	237	97	323	202	30100	2295
1	2	236	94	322	202	30616	2296
1	2	235	92	321	248	44548	2297
1	2	234	91	320	249	44892	2298
1	2	233	88	318	257	47709	2299
1	2	231	87	318	257	48786	2300
1	2	230	86	320	258	51015	2301
1	2	230	84	318	257	50225	2302
1	2	229	79	310	257	47790	2303
1	2	219	75	311	257	55384	2304
1	2	216	71	311	197	39501	2305
1	2	212	69	311	192	40392	2306
1	2	215	68	312	189	38800	2307
1	2	210	67	322	186	43931	2308
1	2	211	67	322	183	42653	2309
1	2	211	67	322	180	41736	2310
1	2	211	67	324	178	41400	2311
1	2	211	64	325	178	42864	2312
1	2	211	64	325	178	42864	2313
1	2	216	63	325	177	41202	2314
1	2	211	63	324	177	42525	2315
1	2	211	63	324	177	42525	2316
1	2	211	62	324	179	43650	2317
1	2	213	62	322	183	44019	2318
1	2	228	62	323	189	40090	2319
1	2	211	62	322	257	71706	2320
1	2	211	62	320	257	70414	2321
1	2	208	64	321	258	72546	2322
1	2	208	67	317	196	46866	2323
1	2	207	69	303	196	40320	2324
1	2	208	74	300	199	37881	2325
1	2	204	81	295	199	35295	2326
1	2	194	89	293	199	36218	2327
1	2	187	96	286	199	34056	2328
1	2	192	99	285	199	31042	2329
1	2	194	102	285	199	29484	2330
1	2	196	103	283	199	27666	2331
1	2	203	105	284	199	25272	2332
1	2	210	107	284	199	22491	2333
1	2	206	109	283	199	22946	2334
1	2	212	111	284	258	35380	2335
1	2	213	112	283	259	33638	2336
1	2	211	112	284	199	20880	2337
1	2	215	111	283	198	19440	2338
1	2	217	110	284	198	19564	2339
1	2	216	108	283	197	19684	2340
1	2	215	104	284	196	20824	2341
1	2	213	102	284	195	22010	2342
1	2	217	99	283	196	21280	2343
1	2	211	96	283	195	23760	2344
1	2	212	92	280	195	23427	2345
1	2	212	81	281	195	26082	2346
1	2	212	79	281	195	26634	2347
1	2	212	77	283	195	27690	2348
1	2	218	76	282	204	26924	2349
1	2	218	74	282	207	27940	2350
1	2	217	74	282	208	28638	2351
1	2	218	74	283	208	28730	2352
1	2	217	76	283	204	27903	2353
1	2	219	77	281	207	27000	2354
1	2	219	79	282	208	26838	2355
1	2	218	88	283	208	25542	2356
1	2	217	92	282	257	35620	2357
1	2	219	96	286	258	36180	2358
1	2	219	96	286	258	36180	2359
1	2	215	100	286	258	37204	2360
1	2	215	100	286	258	37204	2361
1	2	216	101	282	259	34452	2362
1	2	215	101	281	257	34188	2363
1	2	215	100	282	258	34974	2364
1	2	215	97	282	203	23450	2365
1	2	218	95	282	208	24123	2366
1	2	215	93	282	209	26055	2367
1	2	216	88	282	259	37356	2368
1	2	217	88	281	205	24897	2369
1	2	216	87	284	207	26730	2370
1	2	218	80	281	207	26586	2371
1	2	219	79	282	206	26586	2372
1	2	218	77	285	206	28329	2373
1	2	219	76	284	204	27903	2374
1	2	218	74	284	257	39824	2375
1	2	218	73	284	257	40392	2376
1	2	220	73	283	257	38862	2377
1	2	220	71	285	257	39732	2378
1	2	220	70	285	259	40872	2379
1	2	218	71	290	258	44187	2380
1	2	219	73	291	259	44660	2381
1	2	218	73	289	257	43168	2382
1	2	219	73	290	258	43146	2383
1	2	219	73	290	258	43146	2384
1	2	216	76	289	258	44247	2385
1	2	218	76	290	257	42900	2386
1	2	218	77	289	259	42300	2387
1	2	219	77	287	258	40365	2388
1	2	219	79	286	259	40365	2389
1	2	219	86	285	258	37204	2390
1	2	216	86	282	260	38016	2391
1	2	219	92	286	258	36850	2392
1	2	219	94	282	258	34146	2393
1	2	216	94	284	258	36992	2394
1	2	216	93	282	256	35370	2395
1	2	218	96	283	259	35239	2396
1	2	218	96	283	259	35239	2397
1	2	217	97	288	256	37488	2398
1	2	218	97	285	257	35378	2399
1	2	214	96	286	257	38448	2400
1	2	218	96	283	259	35230	2401
1	2	216	96	285	257	36579	2402
1	2	217	96	282	258	34701	2403
1	2	217	96	282	258	34701	2404
1	2	218	93	285	257	36176	2405
1	2	218	93	285	257	36176	2406
1	2	217	94	287	259	38360	2407
1	2	224	94	283	258	31978	2408
1	2	218	94	284	257	36043	2409
1	2	218	94	284	257	36043	2410
1	2	215	92	283	256	36992	2411
1	2	216	91	285	258	38088	2412
1	2	218	91	281	256	34398	2413
1	2	218	91	281	256	34398	2414
1	2	213	90	282	258	38781	2415
1	2	217	83	281	258	37281	2416
1	2	218	89	281	257	34750	2417
1	2	219	89	280	258	34160	2418
1	2	219	89	280	258	34160	2419
1	2	219	81	282	257	36957	2420
1	2	219	81	281	257	35793	2421
1	2	219	81	281	257	35793	2422
1	2	217	82	281	257	37410	2423
1	2	217	82	281	257	37410	2424
1	2	217	82	281	257	37410	2425
1	2	216	82	281	258	38252	2426
1	2	216	81	281	257	37960	2427
1	2	218	81	283	259	38350	2428
1	2	218	81	283	259	38350	2429
1	2	218	81	282	257	37248	2430
1	2	218	80	282	257	37338	2431
1	2	216	80	284	257	39690	2432
1	2	217	79	283	257	39235	2433
1	2	219	79	283	257	37888	2434
1	2	219	77	282	258	38100	2435
1	2	220	76	283	257	37926	2436
1	2	220	76	283	257	37926	2437
1	2	219	73	284	257	39780	2438
1	2	222	72	283	257	37332	2439
1	2	226	71	284	257	35420	2440
1	2	227	72	282	258	33880	2441
1	2	224	73	281	257	34578	2442
1	2	224	74	283	257	35872	2443
1	2	224	76	283	199	23751	2444
1	2	219	79	283	196	24704	2445
1	2	227	88	285	198	21112	2446
1	2	221	94	283	199	21576	2447
1	2	220	97	282	199	20956	2448
1	2	219	94	281	199	21750	2449
1	2	225	97	282	199	19435	2450
1	2	219	102	282	199	20574	2451
1	2	218	105	281	198	19530	2452
1	2	217	105	282	199	19995	2453
1	2	219	105	281	200	19625	2454
1	2	219	103	282	199	20193	2455
1	2	219	103	282	199	20034	2456
1	2	219	103	282	199	20034	2457
1	2	218	103	282	202	20701	2458
1	2	218	104	283	198	20280	2459
1	2	217	105	282	201	20960	2460
1	2	220	105	283	202	20286	2461
1	2	220	105	282	202	20000	2462
1	2	226	105	281	198	17094	2463
1	2	220	105	282	202	19840	2464
1	2	219	105	282	202	20000	2465
1	2	219	105	283	202	20320	2466
1	2	226	105	282	202	18080	2467
1	2	218	105	282	201	20066	2468
1	2	220	105	282	201	19716	2469
1	2	219	105	281	201	19875	2470
1	2	218	105	282	199	19840	2471
1	2	227	105	281	201	17172	2472
1	2	218	106	283	201	20698	2473
1	2	219	105	282	201	20193	2474
1	2	216	105	283	201	21147	2475
1	2	227	105	282	201	17490	2476
1	2	220	105	282	202	19680	2477
1	2	218	105	281	202	20160	2478
1	2	226	105	282	202	18080	2479
1	2	219	105	281	199	19500	2480
1	2	221	105	283	201	19716	2481
1	2	221	105	283	201	19875	2482
1	2	227	105	282	201	17649	2483
1	2	222	105	282	202	19200	2484
1	2	218	106	282	201	20066	2485
1	2	227	105	282	201	17649	2486
1	2	220	105	284	202	20480	2487
1	2	221	106	282	201	19434	2488
1	2	227	105	282	201	17331	2489
1	2	227	105	284	202	18080	2490
1	2	218	105	283	201	20511	2491
1	2	216	105	283	201	21330	2492
1	2	219	105	282	201	20066	2493
1	2	218	105	281	201	20034	2494
1	2	227	105	281	199	16848	2495
1	2	218	105	283	198	20020	2496
1	2	227	105	284	202	18080	2497
1	2	217	105	282	201	20670	2498
1	2	220	105	282	201	19875	2499
1	2	219	106	282	201	19908	2500
1	2	225	105	282	202	18080	2501
1	2	227	106	282	199	16786	2502
1	2	220	105	282	201	19875	2503
1	2	220	105	282	201	19875	2504
1	2	219	105	282	199	19500	2505
1	2	219	106	282	198	19431	2506
1	2	221	106	281	201	18997	2507
1	2	221	106	281	201	18997	2508
1	2	219	105	281	201	19592	2509
1	2	227	106	282	201	17380	2510
1	2	227	105	282	201	17490	2511
1	2	219	105	282	202	20000	2512
1	2	227	106	283	201	17696	2513
1	2	227	105	282	199	17004	2514
1	2	227	105	281	199	16848	2515
1	2	227	105	281	199	16740	2516
1	2	227	105	281	201	17172	2517
1	2	227	105	282	202	17440	2518
1	2	222	105	281	199	18252	2519
1	2	221	105	281	202	19200	2520
1	2	227	105	282	202	17440	2521
1	2	227	105	282	202	17440	2522
1	2	227	105	281	201	17172	2523
1	2	227	105	281	201	17172	2524
1	2	227	105	281	201	17172	2525
1	2	227	105	282	201	17490	2526
1	2	219	105	282	199	19530	2527
1	2	220	105	281	201	19398	2528
1	2	227	105	282	201	17331	2529
1	2	227	105	281	199	16848	2530
1	2	220	105	281	202	19520	2531
1	2	227	105	281	199	16740	2532
1	2	227	105	281	202	17280	2533
1	2	227	105	281	202	17280	2534
1	2	227	105	281	199	16740	2535
1	2	227	105	282	202	17440	2536
1	2	227	105	281	199	16740	2537
1	2	222	106	282	201	18960	2538
1	2	227	105	282	200	17270	2539
1	2	227	105	281	198	16524	2540
1	2	227	106	281	201	17064	2541
1	2	227	105	282	201	17331	2542
1	2	227	105	282	201	17331	2543
1	2	221	105	281	199	18600	2544
1	2	227	105	281	201	17172	2545
1	2	227	105	281	199	16848	2546
1	2	227	105	282	201	17331	2547
1	2	227	105	281	199	16740	2548
1	2	227	105	281	201	17064	2549
1	2	227	105	282	200	17113	2550
1	2	227	105	282	199	17004	2551
1	2	227	105	281	202	17280	2552
1	2	220	105	281	198	18788	2553
1	2	227	105	281	202	17120	2554
1	2	227	105	281	202	17280	2555
1	2	227	105	281	202	17280	2556
1	2	227	105	281	201	17013	2557
1	2	227	105	281	198	16632	2558
1	2	227	105	282	202	17440	2559
1	2	227	105	281	200	16956	2560
1	2	227	105	281	200	16956	2561
1	2	227	105	281	200	16956	2562
1	2	227	105	281	200	16956	2563
1	2	227	105	281	198	16632	2564
1	2	227	105	281	198	16632	2565
1	2	227	105	281	201	17064	2566
1	2	227	105	281	201	17064	2567
1	2	227	105	282	199	17004	2568
1	2	227	105	281	201	17172	2569
1	2	227	105	281	201	17064	2570
1	2	227	105	282	201	17331	2571
1	2	227	106	281	201	16956	2572
1	2	227	105	281	198	16524	2573
1	2	227	105	281	199	16848	2574
1	2	227	105	281	198	16632	2575
1	2	227	106	281	198	16524	2576
1	2	227	106	281	199	16478	2577
1	2	227	106	281	199	16478	2578
1	2	227	106	281	199	16478	2579
1	2	227	106	281	202	17172	2580
1	2	227	106	281	202	17172	2581
1	2	227	106	281	198	16524	2582
1	2	227	106	281	198	16524	2583
1	2	227	106	281	198	16524	2584
1	2	227	106	281	198	16264	2585
1	2	227	105	281	201	17172	2586
1	2	227	105	281	198	16524	2587
1	2	227	105	281	199	16740	2588
1	2	227	105	281	198	16632	2589
1	2	227	105	282	198	16677	2590
1	2	227	105	282	198	16677	2591
1	2	227	105	281	198	16632	2592
1	2	227	105	281	198	16478	2593
1	2	227	106	281	201	16906	2594
1	2	227	106	281	198	16264	2595
1	2	227	105	281	199	16848	2596
1	2	227	106	281	198	16524	2597
1	2	227	106	281	197	16308	2598
1	2	227	105	281	201	16906	2599
1	2	227	105	281	201	16906	2600
1	2	227	105	281	198	16632	2601
1	2	227	105	281	201	16906	2602
1	2	227	105	281	201	16906	2603
1	2	227	105	281	198	16478	2604
1	2	227	105	281	198	16632	2605
1	2	227	105	281	198	16524	2606
1	2	227	105	281	198	16632	2607
1	2	227	105	281	198	16478	2608
1	2	227	105	281	198	16478	2609
1	2	227	105	280	198	16324	2610
1	2	227	105	281	198	16478	2611
1	2	227	105	281	198	16478	2612
1	2	227	105	280	198	16065	2613
1	2	227	105	280	198	16218	2614
1	2	227	105	281	199	16740	2615
1	2	227	105	281	199	16585	2616
1	2	227	106	281	198	16416	2617
1	2	227	105	281	198	16524	2618
1	2	227	105	281	198	16524	2619
1	2	227	105	281	198	16524	2620
1	2	227	105	281	199	16585	2621
1	2	227	105	281	199	16585	2622
1	2	227	105	281	198	16632	2623
1	2	227	105	281	201	17064	2624
1	2	227	105	281	198	16371	2625
1	2	227	105	281	198	16371	2626
1	2	227	105	281	197	16264	2627
1	2	227	106	281	198	16371	2628
1	2	227	106	281	198	16264	2629
1	2	227	106	280	199	16324	2630
1	2	227	105	281	198	16478	2631
1	2	227	105	281	198	16478	2632
1	2	227	105	281	198	16478	2633
1	2	227	105	281	198	16478	2634
1	2	227	105	280	198	16218	2635
1	2	227	105	280	198	16170	2636
1	2	227	105	281	199	16585	2637
1	2	227	106	281	198	16416	2638
1	2	227	106	280	198	15960	2639
1	2	227	106	281	198	16371	2640
1	2	227	106	281	198	16371	2641
1	2	227	105	280	198	16324	2642
1	2	227	105	281	198	16524	2643
1	2	227	105	281	198	16524	2644
1	2	227	105	281	198	16371	2645
1	2	227	105	279	227	21008	2646
1	2	227	105	280	201	16590	2647
1	2	227	105	280	229	21525	2648
1	2	227	105	281	198	16478	2649
1	2	227	105	279	227	21008	2650
1	2	227	105	281	227	21614	2651
1	2	227	105	279	231	21632	2652
1	2	227	105	280	227	21412	2653
1	2	227	105	281	228	21828	2654
1	2	227	106	280	227	21105	2655
1	2	227	105	281	228	22032	2656
1	2	227	106	280	227	21105	2657
1	2	227	106	280	227	21105	2658
1	2	227	105	280	227	21412	2659
1	2	227	105	280	227	21306	2660
1	2	227	106	280	227	21306	2661
1	2	227	106	280	227	21306	2662
1	2	227	105	281	227	21507	2663
1	2	227	105	280	227	21306	2664
1	2	227	105	280	227	21105	2665
1	2	227	105	281	227	21507	2666
1	2	227	105	280	227	21315	2667
1	2	227	105	280	227	21315	2668
1	2	227	105	280	227	21315	2669
1	2	227	102	280	227	21836	2670
1	2	227	105	280	227	21210	2671
1	2	227	100	280	226	22048	2672
1	2	227	100	280	226	22048	2673
1	2	227	103	280	226	21518	2674
1	2	227	103	280	197	16380	2675
1	2	227	103	280	197	16380	2676
1	2	227	103	280	197	16380	2677
1	2	227	101	280	197	16695	2678
1	2	227	101	280	197	16695	2679
1	2	227	103	280	198	16642	2680
1	2	227	103	279	197	16224	2681
1	2	227	103	279	197	16224	2682
1	2	227	104	280	197	16170	2683
1	2	227	104	280	197	16170	2684
1	2	227	104	280	197	16170	2685
1	2	227	104	280	197	16170	2686
1	2	227	100	280	197	16905	2687
1	2	227	100	280	197	16905	2688
1	2	227	102	280	197	16642	2689
1	2	227	105	280	196	15960	2690
1	2	227	103	280	197	16380	2691
1	2	227	105	280	196	15960	2692
1	2	227	105	280	196	15960	2693
1	2	227	105	280	196	15960	2694
1	2	227	105	280	196	15960	2695
1	2	227	102	279	197	16274	2696
1	2	227	102	279	197	16274	2697
1	2	227	102	278	197	16014	2698
1	2	227	102	278	197	16014	2699
1	2	227	100	280	197	16960	2700
1	2	227	105	278	198	15708	2701
1	2	227	105	278	198	15708	2702
1	2	227	105	278	198	15708	2703
1	2	227	101	281	198	17120	2704
1	2	227	100	278	196	16218	2705
1	2	227	105	280	190	14805	2706
1	2	227	105	280	185	13860	2707
1	2	227	104	280	197	16324	2708
1	2	227	101	278	186	14280	2709
1	2	227	101	278	186	14280	2710
1	2	227	101	278	186	14280	2711
1	2	227	101	278	186	14280	2712
1	2	227	101	278	186	14280	2713
1	2	227	101	278	186	14280	2714
1	2	227	101	278	186	14280	2715
1	2	227	105	280	186	14070	2716
1	2	227	104	278	180	12852	2717
1	2	227	104	278	196	15606	2718
1	2	227	104	279	186	13905	2719
1	2	227	102	278	183	13770	2720
1	2	227	105	278	181	12827	2721
1	2	227	105	278	181	12827	2722
1	2	227	104	278	186	13635	2723
1	2	227	101	278	181	13332	2724
1	2	227	105	278	180	12625	2725
1	2	227	104	278	181	12827	2726
1	2	227	104	278	181	12827	2727
1	2	227	105	278	180	12625	2728
1	2	228	105	278	180	12400	2729
1	2	227	104	278	180	12726	2730
1	2	228	105	278	180	12500	2731
1	2	228	105	278	180	12500	2732
1	2	228	105	278	180	12500	2733
1	2	228	105	278	180	12400	2734
1	2	227	105	278	180	12524	2735
1	2	227	105	278	180	12524	2736
1	2	228	105	278	180	12500	2737
1	2	227	101	278	180	13231	2738
1	2	228	105	278	179	12300	2739
1	2	228	105	278	179	12300	2740
1	2	228	105	278	179	12300	2741
1	2	228	101	277	180	12740	2742
1	2	228	101	277	180	12838	2743
1	2	228	104	277	180	12348	2744
1	2	228	105	277	180	12028	2745
1	2	228	105	277	180	12028	2746
1	2	227	104	277	180	12474	2747
1	2	227	105	277	180	12375	2748
1	2	227	105	277	180	12375	2749
1	2	227	105	277	180	12375	2750
1	2	228	105	277	180	12152	2751
1	2	228	105	277	180	12250	2752
1	2	228	105	277	180	12250	2753
1	2	228	101	277	179	12771	2754
1	2	228	105	277	180	12028	2755
1	2	228	104	277	180	12348	2756
1	2	228	105	277	180	12250	2757
1	2	228	101	277	180	12740	2758
1	2	228	101	277	180	12740	2759
1	2	228	101	277	180	12740	2760
1	2	228	101	277	180	12740	2761
1	2	228	101	277	180	12740	2762
1	2	228	105	277	180	12276	2763
1	2	228	104	277	180	12222	2764
1	2	228	105	277	180	12152	2765
1	2	228	101	277	180	12740	2766
1	2	228	101	277	180	12740	2767
1	2	228	101	277	180	12740	2768
1	2	228	101	277	180	12740	2769
1	2	228	105	277	179	12054	2770
1	2	228	105	277	180	12152	2771
1	2	228	105	277	180	12152	2772
1	2	228	105	277	180	12152	2773
1	2	228	105	277	180	12152	2774
1	2	228	105	277	180	12152	2775
1	2	228	105	277	180	12152	2776
1	2	228	101	277	180	12610	2777
1	2	228	105	277	180	12028	2778
1	2	228	105	277	180	12028	2779
1	2	228	105	277	179	11931	2780
1	2	228	105	277	179	11931	2781
1	2	228	105	277	179	11931	2782
1	2	228	105	277	180	12125	2783
1	2	228	104	277	180	12125	2784
1	2	228	105	277	180	12125	2785
1	2	228	105	277	180	12152	2786
1	2	228	104	277	180	12250	2787
1	2	229	105	277	180	11875	2788
1	2	228	101	277	180	12740	2789
1	2	229	105	277	179	11808	2790
1	2	228	105	277	180	12028	2791
1	2	228	105	277	180	12028	2792
1	2	229	104	277	180	12096	2793
1	2	229	104	277	180	12096	2794
1	2	229	104	277	180	12096	2795
1	2	229	104	277	180	12096	2796
1	2	229	104	277	179	11904	2797
1	2	228	105	277	180	12276	2798
1	2	228	105	277	180	12276	2799
1	2	228	105	277	180	12276	2800
1	2	229	105	275	180	11532	2801
1	2	228	105	276	180	11904	2802
1	2	228	103	274	179	11500	2803
1	2	228	104	274	180	11625	2804
1	2	228	105	276	179	11808	2805
1	2	230	104	271	180	10375	2806
1	2	229	105	270	179	10086	2807
1	2	229	105	274	179	11070	2808
1	2	228	105	271	179	10701	2809
1	2	230	104	271	179	10292	2810
1	2	229	104	271	179	10416	2811
1	2	229	104	271	179	10416	2812
1	2	231	104	270	180	9750	2813
1	2	230	102	271	179	10624	2814
1	2	230	105	271	179	10209	2815
1	2	232	105	270	180	9348	2816
1	2	229	105	270	179	10086	2817
1	2	231	101	270	179	10062	2818
1	2	230	104	270	179	9920	2819
1	2	230	105	270	179	9840	2820
1	2	233	105	270	180	9300	2821
1	2	232	105	270	179	9225	2822
1	2	233	105	270	179	9102	2823
1	2	232	105	270	180	9500	2824
1	2	232	105	270	180	9500	2825
1	2	233	105	270	179	9102	2826
1	2	233	105	270	179	9028	2827
1	2	233	105	269	179	8979	2828
1	2	233	105	269	179	8979	2829
1	2	233	105	270	179	9102	2830
1	2	233	105	270	179	9102	2831
1	2	233	105	270	179	9102	2832
1	2	233	105	270	179	9102	2833
1	2	233	105	270	179	9102	2834
1	2	233	105	270	179	9102	2835
1	2	233	105	270	179	9102	2836
1	2	233	105	270	179	9102	2837
1	2	233	102	270	179	9472	2838
1	2	232	105	269	179	9102	2839
1	2	233	105	270	180	9102	2840
1	2	233	105	270	180	9102	2841
1	2	233	105	270	180	9102	2842
1	2	233	105	270	180	9102	2843
1	2	233	105	270	180	9102	2844
1	2	233	105	270	180	9102	2845
1	2	233	105	270	180	9102	2846
1	2	233	105	270	180	9102	2847
1	2	233	105	270	179	9028	2848
1	2	233	105	269	179	8733	2849
1	2	233	105	269	179	8856	2850
1	2	233	105	269	179	8733	2851
1	2	233	104	269	179	8804	2852
1	2	233	105	268	179	8610	2853
1	2	233	105	268	179	8540	2854
1	2	233	105	269	179	8662	2855
1	2	233	105	269	179	8662	2856
1	2	233	105	269	179	8662	2857
1	2	233	105	268	179	8418	2858
1	2	233	105	269	179	8856	2859
1	2	233	105	268	179	8610	2860
1	2	233	105	269	179	8733	2861
1	2	233	105	269	179	8733	2862
1	2	233	104	268	178	8610	2863
1	2	233	105	268	179	8610	2864
1	2	233	105	269	179	8733	2865
1	2	233	105	268	179	8610	2866
1	2	233	105	268	179	8540	2867
1	2	233	105	268	179	8540	2868
1	2	233	105	268	179	8418	2869
1	2	233	105	268	179	8418	2870
1	2	233	105	268	179	8418	2871
1	2	233	105	268	179	8418	2872
1	2	233	105	268	179	8418	2873
1	2	233	105	268	179	8418	2874
1	2	233	105	268	179	8540	2875
1	2	233	105	268	179	8540	2876
1	2	233	105	262	137	3016	2877
1	2	233	105	268	179	8540	2878
1	2	233	105	268	179	8540	2879
1	2	233	105	268	179	8540	2880
1	2	233	105	268	179	8540	2881
1	2	233	105	269	179	8733	2882
1	2	233	105	268	179	8540	2883
1	2	233	105	268	179	8540	2884
1	2	233	105	268	179	8418	2885
1	2	233	105	268	179	8540	2886
1	2	233	105	268	179	8540	2887
1	2	233	105	268	178	8470	2888
1	2	233	105	268	179	8610	2889
1	2	233	105	268	179	8610	2890
1	2	233	105	266	179	8052	2891
1	2	233	105	268	179	8418	2892
1	2	233	105	268	179	8540	2893
1	2	233	105	268	179	8540	2894
1	2	233	105	268	179	8610	2895
1	2	233	105	268	179	8610	2896
1	2	233	105	268	179	8610	2897
1	2	241	156	268	179	2090	2898
1	2	233	105	268	179	8487	2899
1	2	233	105	268	179	8418	2900
1	2	236	102	266	135	3304	2901
1	2	234	105	267	178	7930	2902
1	2	236	105	268	179	7686	2903
1	2	234	105	268	179	8174	2904
1	2	234	105	266	179	7749	2905
1	2	242	157	266	179	1692	2906
1	2	242	157	269	178	1908	2907
1	2	237	105	266	136	2958	2908
1	2	234	105	267	179	7995	2909
1	2	242	158	266	179	1645	2910
1	2	242	157	268	178	1785	2911
1	2	242	157	266	179	1692	2912
1	2	242	157	266	179	1692	2913
1	2	242	157	266	178	1680	2914
1	2	243	105	266	136	2392	2915
1	2	243	105	266	136	2392	2916
1	2	239	105	266	136	2808	2917
1	2	241	105	266	136	2548	2918
1	2	241	105	266	136	2548	2919
1	2	241	105	266	136	2548	2920
1	2	241	105	266	135	2450	2921
1	2	241	105	266	135	2450	2922
1	2	242	105	266	136	2496	2923
1	2	241	105	266	135	2401	2924
1	2	242	105	266	134	2256	2925
1	2	242	105	266	135	2350	2926
1	2	241	105	266	135	2499	2927
1	2	243	105	266	135	2254	2928
1	2	242	105	261	134	1739	2929
1	2	242	105	266	136	2397	2930
1	2	242	105	261	134	1739	2931
1	2	243	106	266	135	2254	2932
1	2	242	105	261	133	1702	2933
1	2	242	105	261	132	1702	2934
1	2	243	105	261	133	1692	2935
1	2	243	105	266	137	2392	2936
1	2	243	105	266	137	2392	2937
1	2	242	105	266	136	2397	2938
1	2	242	105	266	136	2397	2939
1	2	242	105	266	136	2397	2940
1	2	242	105	266	136	2397	2941
1	2	242	105	266	136	2397	2942
1	2	242	105	266	136	2397	2943
1	2	242	105	266	135	2350	2944
1	2	241	105	261	133	1840	2945
1	2	242	105	266	136	2397	2946
1	2	242	105	266	136	2397	2947
1	2	242	107	266	136	2304	2948
1	2	242	107	266	136	2304	2949
1	2	243	105	266	135	2300	2950
1	2	243	105	266	135	2300	2951
1	2	243	105	266	135	2300	2952
1	2	242	112	266	136	1880	2953
1	2	242	112	266	136	1880	2954
1	2	242	112	266	136	1880	2955
1	2	242	112	266	136	1880	2956
1	2	241	106	266	134	2303	2957
1	2	242	106	266	135	2304	2958
1	2	242	106	266	135	2304	2959
1	2	242	105	261	133	1748	2960
1	2	242	105	261	133	1748	2961
1	2	242	105	261	133	1748	2962
1	2	242	105	261	133	1748	2963
1	2	242	105	266	136	2448	2964
1	2	242	105	266	136	2448	2965
1	2	242	105	266	135	2350	2966
1	2	244	105	266	135	2150	2967
1	2	244	105	266	135	2150	2968
1	2	244	105	266	135	2150	2969
1	2	244	105	266	135	2150	2970
1	2	244	105	266	135	2150	2971
1	2	244	105	266	135	2150	2972
1	2	244	105	266	135	2150	2973
1	2	244	105	266	135	2150	2974
1	2	244	105	266	135	2150	2975
1	2	244	105	266	135	2150	2976
1	2	244	105	266	135	2150	2977
1	2	244	105	266	135	2150	2978
1	2	244	105	266	135	2150	2979
1	2	244	105	266	135	2150	2980
1	2	244	105	266	135	2150	2981
1	2	244	105	266	135	2150	2982
1	2	244	105	266	135	2150	2983
1	2	244	105	266	135	2150	2984
1	2	244	105	266	135	2150	2985
1	2	244	105	266	135	2150	2986
1	2	244	105	266	135	2150	2987
1	2	244	105	266	135	2150	2988
1	2	244	105	266	135	2150	2989
1	2	244	105	266	135	2150	2990
1	2	244	105	266	135	2150	2991
1	2	244	105	266	135	2150	2992
1	2	244	105	266	135	2150	2993
1	2	244	105	266	135	2150	2994
1	2	244	105	266	135	2150	2995
1	2	244	105	266	135	2150	2996
1	2	244	105	266	135	2150	2997
1	2	244	105	266	135	2150	2998
1	2	244	105	266	135	2150	2999
1	2	244	105	266	135	2150	3000
1	2	244	105	266	135	2150	3001
1	2	244	105	266	135	2150	3002
1	2	244	105	266	135	2150	3003
1	2	244	105	266	135	2150	3004
1	2	244	105	266	135	2150	3005
1	2	244	105	266	135	2150	3006
1	2	244	105	266	135	2150	3007
1	2	244	105	266	135	2150	3008
1	2	244	105	266	135	2150	3009
1	2	244	105	266	135	2150	3010
1	2	244	105	266	135	2150	3011
1	2	244	105	266	135	2150	3012
1	2	244	105	266	135	2150	3013
1	2	244	105	266	135	2150	3014
1	2	244	105	266	135	2150	3015
1	2	244	105	266	135	2150	3016
1	2	244	105	266	135	2150	3017
1	2	244	105	266	135	2150	3018
1	2	244	105	266	135	2150	3019
1	2	244	105	266	135	2150	3020
1	2	244	105	266	135	2150	3021
1	2	244	105	266	135	2150	3022
1	2	244	105	266	135	2150	3023
1	2	244	105	266	135	2150	3024
1	2	244	105	266	135	2150	3025
1	2	244	105	266	135	2150	3026
1	2	244	105	266	135	2150	3027
1	2	244	105	266	135	2150	3028
1	2	244	105	266	135	2150	3029
1	2	244	105	266	135	2150	3030
1	2	244	105	266	135	2150	3031
1	2	244	105	266	135	2150	3032
1	2	244	105	266	135	2150	3033
1	2	244	105	266	135	2150	3034
1	2	244	105	266	135	2150	3035
1	2	244	105	266	135	2150	3036
1	2	244	105	266	135	2150	3037
1	2	244	105	266	135	2150	3038
1	2	244	105	266	135	2150	3039
1	2	244	105	266	135	2150	3040
1	2	244	105	266	135	2150	3041
1	2	244	105	266	135	2150	3042
1	2	244	105	266	135	2150	3043
1	2	244	105	266	135	2150	3044
1	2	244	105	266	135	2150	3045
1	2	244	105	266	135	2150	3046
1	2	244	105	266	135	2150	3047
1	2	244	105	266	135	2150	3048
1	2	244	105	266	135	2150	3049
1	2	244	105	266	135	2150	3050
1	2	244	105	266	135	2150	3051
1	2	244	105	266	135	2150	3052
1	2	244	105	266	135	2150	3053
1	2	244	105	266	135	2150	3054
1	2	244	105	266	135	2150	3055
1	2	244	105	266	135	2150	3056
1	2	244	105	266	135	2150	3057
1	2	244	105	266	135	2150	3058
1	2	244	105	266	135	2150	3059
1	2	244	105	266	135	2150	3060
1	2	244	105	266	135	2150	3061
1	2	244	105	266	135	2150	3062
1	2	244	105	266	135	2150	3063
1	2	244	105	266	135	2150	3064
1	2	244	105	266	135	2150	3065
1	2	244	105	266	135	2150	3066
1	2	244	105	266	135	2150	3067
1	2	244	105	266	135	2150	3068
1	2	244	105	266	135	2150	3069
1	2	244	105	266	135	2150	3070
1	2	244	105	266	135	2150	3071
1	2	244	105	266	135	2150	3072
1	2	244	105	266	135	2150	3073
1	2	244	105	266	135	2150	3074
1	2	244	105	266	135	2150	3075
1	2	244	105	266	135	2150	3076
1	2	244	105	266	135	2150	3077
1	2	244	105	266	135	2150	3078
1	2	244	105	266	135	2150	3079
1	2	244	105	266	135	2150	3080
1	2	244	105	266	135	2150	3081
1	2	244	105	266	135	2150	3082
1	2	244	105	266	135	2150	3083
1	2	244	105	266	135	2150	3084
1	2	244	105	266	135	2150	3085
1	2	244	105	266	135	2150	3086
1	2	244	105	266	135	2150	3087
1	2	244	105	266	135	2150	3088
1	2	244	105	266	135	2150	3089
1	2	244	105	266	135	2150	3090
1	2	244	105	266	135	2150	3091
1	2	244	105	266	135	2150	3092
1	2	244	105	266	135	2150	3093
1	2	244	105	266	135	2150	3094
1	2	244	105	266	135	2150	3095
1	2	244	105	266	135	2150	3096
1	2	244	105	266	135	2150	3097
1	2	244	105	266	135	2150	3098
1	2	244	105	266	135	2150	3099
1	2	244	105	266	135	2150	3100
1	2	244	105	266	135	2150	3101
1	2	244	105	266	135	2150	3102
1	2	244	105	266	135	2150	3103
1	2	244	105	266	135	2150	3104
1	2	244	105	266	135	2150	3105
1	2	244	105	266	135	2150	3106
1	2	244	105	266	135	2150	3107
1	2	244	105	266	135	2150	3108
1	2	244	105	266	135	2150	3109
1	2	244	105	266	135	2150	3110
1	2	244	105	266	135	2150	3111
1	2	244	105	266	135	2150	3112
1	2	244	105	266	135	2150	3113
1	2	244	105	266	135	2150	3114
1	2	244	105	266	135	2150	3115
1	2	244	105	266	135	2150	3116
1	2	244	105	266	135	2150	3117
1	2	244	105	266	135	2150	3118
1	2	244	105	266	135	2150	3119
1	2	244	105	266	135	2150	3120
1	2	244	105	266	135	2150	3121
1	2	244	105	266	135	2150	3122
1	2	244	105	266	135	2150	3123
1	2	244	105	266	135	2150	3124
1	2	244	105	266	135	2150	3125
1	2	244	105	266	135	2150	3126
1	2	244	105	266	135	2150	3127
1	2	244	105	266	135	2150	3128
1	2	244	105	266	135	2150	3129
1	2	244	105	266	135	2150	3130
1	2	244	105	266	135	2150	3131
1	2	244	105	266	135	2150	3132
1	2	244	105	266	135	2150	3133
1	2	244	105	266	135	2150	3134
1	2	244	105	266	135	2150	3135
1	2	244	105	266	135	2150	3136
1	2	244	105	266	135	2150	3137
1	2	244	105	266	135	2150	3138
1	2	244	105	266	135	2150	3139
1	2	244	105	266	135	2150	3140
1	2	244	105	266	135	2150	3141
1	2	244	105	266	135	2150	3142
1	2	244	105	266	135	2150	3143
1	2	244	105	266	135	2150	3144
1	2	244	105	266	135	2150	3145
1	2	244	105	266	135	2150	3146
1	2	244	105	266	135	2150	3147
1	2	244	105	266	135	2150	3148
1	2	244	105	266	135	2150	3149
1	2	244	105	266	135	2150	3150
1	2	244	105	266	135	2150	3151
1	2	244	105	266	135	2150	3152
1	2	244	105	266	135	2150	3153
1	2	244	105	266	135	2150	3154
1	2	244	105	266	135	2150	3155
1	2	244	105	266	135	2150	3156
1	2	244	105	266	135	2150	3157
1	2	244	105	266	135	2150	3158
1	2	244	105	266	135	2150	3159
1	2	244	105	266	135	2150	3160
1	2	244	105	266	135	2150	3161
1	2	244	105	266	135	2150	3162
1	2	244	105	266	135	2150	3163
1	2	244	105	266	135	2150	3164
1	2	244	105	266	135	2150	3165
1	2	244	105	266	135	2150	3166
1	2	244	105	266	135	2150	3167
1	2	244	105	266	135	2150	3168
1	2	244	105	266	135	2150	3169
1	2	244	105	266	135	2150	3170
1	2	244	105	266	135	2150	3171
1	2	244	105	266	135	2150	3172
1	2	244	105	266	135	2150	3173
1	2	244	105	266	135	2150	3174
1	2	244	105	266	135	2150	3175
1	2	244	105	266	135	2150	3176
1	2	244	105	266	135	2150	3177
1	2	244	105	266	135	2150	3178
1	2	244	105	266	135	2150	3179
1	2	244	105	266	135	2150	3180
1	2	244	105	266	135	2150	3181
0	0	0	0	0	0	0	3182
0	0	0	0	0	0	0	3183
0	0	0	0	0	0	0	3184
0	0	0	0	0	0	0	3185
0	0	0	0	0	0	0	3186
0	0	0	0	0	0	0	3187
0	0	0	0	0	0	0	3188
0	0	0	0	0	0	0	3189
0	0	0	0	0	0	0	3190
0	0	0	0	0	0	0	3191
0	0	0	0	0	0	0	3192
0	0	0	0	0	0	0	3193
0	0	0	0	0	0	0	3194
0	0	0	0	0	0	0	3195
0	0	0	0	0	0	0	3196
0	0	0	0	0	0	0	3197
0	0	0	0	0	0	0	3198
0	0	0	0	0	0	0	3199
0	0	0	0	0	0	0	3200
0	0	0	0	0	0	0	3201
0	0	0	0	0	0	0	3202
0	0	0	0	0	0	0	3203
0	0	0	0	0	0	0	3204
0	0	0	0	0	0	0	3205
0	0	0	0	0	0	0	3206
0	0	0	0	0	0	0	3207
0	0	0	0	0	0	0	3208
0	0	0	0	0	0	0	3209
0	0	0	0	0	0	0	3210
0	0	0	0	0	0	0	3211
0	0	0	0	0	0	0	3212
0	0	0	0	0	0	0	3213
0	0	0	0	0	0	0	3214
0	0	0	0	0	0	0	3215
0	0	0	0	0	0	0	3216
0	0	0	0	0	0	0	3217
0	0	0	0	0	0	0	3218
0	0	0	0	0	0	0	3219
0	0	0	0	0	0	0	3220
0	0	0	0	0	0	0	3221
0	0	0	0	0	0	0	3222
0	0	0	0	0	0	0	3223
0	0	0	0	0	0	0	3224
0	0	0	0	0	0	0	3225
0	0	0	0	0	0	0	3226
0	0	0	0	0	0	0	3227
0	0	0	0	0	0	0	3228
0	0	0	0	0	0	0	3229
0	0	0	0	0	0	0	3230
0	0	0	0	0	0	0	3231
0	0	0	0	0	0	0	3232
0	0	0	0	0	0	0	3233
0	0	0	0	0	0	0	3234
0	0	0	0	0	0	0	3235
0	0	0	0	0	0	0	3236
0	0	0	0	0	0	0	3237
0	0	0	0	0	0	0	3238
0	0	0	0	0	0	0	3239
0	0	0	0	0	0	0	3240
0	0	0	0	0	0	0	3241
0	0	0	0	0	0	0	3242
0	0	0	0	0	0	0	3243
0	0	0	0	0	0	0	3244
0	0	0	0	0	0	0	3245
0	0	0	0	0	0	0	3246
0	0	0	0	0	0	0	3247
0	0	0	0	0	0	0	3248
0	0	0	0	0	0	0	3249
0	0	0	0	0	0	0	3250
0	0	0	0	0	0	0	3251
0	0	0	0	0	0	0	3252
0	0	0	0	0	0	0	3253
0	0	0	0	0	0	0	3254
0	0	0	0	0	0	0	3255
0	0	0	0	0	0	0	3256
0	0	0	0	0	0	0	3257
0	0	0	0	0	0	0	3258
0	0	0	0	0	0	0	3259
0	0	0	0	0	0	0	3260
0	0	0	0	0	0	0	3261
0	0	0	0	0	0	0	3262
0	0	0	0	0	0	0	3263
0	0	0	0	0	0	0	3264
0	0	0	0	0	0	0	3265
0	0	0	0	0	0	0	3266
0	0	0	0	0	0	0	3267
0	0	0	0	0	0	0	3268
0	0	0	0	0	0	0	3269
0	0	0	0	0	0	0	3270
0	0	0	0	0	0	0	3271
0	0	0	0	0	0	0	3272
0	0	0	0	0	0	0	3273
0	0	0	0	0	0	0	3274
0	0	0	0	0	0	0	3275
0	0	0	0	0	0	0	3276
0	0	0	0	0	0	0	3277
0	0	0	0	0	0	0	3278
0	0	0	0	0	0	0	3279
0	0	0	0	0	0	0	3280
0	0	0	0	0	0	0	3281
0	0	0	0	0	0	0	3282
0	0	0	0	0	0	0	3283
0	0	0	0	0	0	0	3284
0	0	0	0	0	0	0	3285
0	0	0	0	0	0	0	3286
0	0	0	0	0	0	0	3287
0	0	0	0	0	0	0	3288
0	0	0	0	0	0	0	3289
0	0	0	0	0	0	0	3290
0	0	0	0	0	0	0	3291
0	0	0	0	0	0	0	3292
0	0	0	0	0	0	0	3293
0	0	0	0	0	0	0	3294
0	0	0	0	0	0	0	3295
0	0	0	0	0	0	0	3296
0	0	0	0	0	0	0	3297
0	0	0	0	0	0	0	3298
0	0	0	0	0	0	0	3299
0	0	0	0	0	0	0	3300
0	0	0	0	0	0	0	3301
0	0	0	0	0	0	0	3302
0	0	0	0	0	0	0	3303
0	0	0	0	0	0	0	3304
0	0	0	0	0	0	0	3305
0	0	0	0	0	0	0	3306
0	0	0	0	0	0	0	3307
0	0	0	0	0	0	0	3308
0	0	0	0	0	0	0	3309
0	0	0	0	0	0	0	3310
0	0	0	0	0	0	0	3311
0	0	0	0	0	0	0	3312
0	0	0	0	0	0	0	3313
0	0	0	0	0	0	0	3314
0	0	0	0	0	0	0	3315
0	0	0	0	0	0	0	3316
0	0	0	0	0	0	0	3317
0	0	0	0	0	0	0	3318
0	0	0	0	0	0	0	3319
0	0	0	0	0	0	0	3320
0	0	0	0	0	0	0	3321
0	0	0	0	0	0	0	3322
0	0	0	0	0	0	0	3323
0	0	0	0	0	0	0	3324
0	0	0	0	0	0	0	3325
0	0	0	0	0	0	0	3326
0	0	0	0	0	0	0	3327
0	0	0	0	0	0	0	3328
0	0	0	0	0	0	0	3329
0	0	0	0	0	0	0	3330
0	0	0	0	0	0	0	3331
0	0	0	0	0	0	0	3332
0	0	0	0	0	0	0	3333
0	0	0	0	0	0	0	3334
0	0	0	0	0	0	0	3335
0	0	0	0	0	0	0	3336
0	0	0	0	0	0	0	3337
0	0	0	0	0	0	0	3338
0	0	0	0	0	0	0	3339
0	0	0	0	0	0	0	3340
0	0	0	0	0	0	0	3341
0	0	0	0	0	0	0	3342
0	0	0	0	0	0	0	3343
0	0	0	0	0	0	0	3344
0	0	0	0	0	0	0	3345
0	0	0	0	0	0	0	3346
0	0	0	0	0	0	0	3347
0	0	0	0	0	0	0	3348
0	0	0	0	0	0	0	3349
0	0	0	0	0	0	0	3350
0	0	0	0	0	0	0	3351
0	0	0	0	0	0	0	3352
0	0	0	0	0	0	0	3353
0	0	0	0	0	0	0	3354
0	0	0	0	0	0	0	3355
0	0	0	0	0	0	0	3356
0	0	0	0	0	0	0	3357
0	0	0	0	0	0	0	3358
0	0	0	0	0	0	0	3359
0	0	0	0	0	0	0	3360
0	0	0	0	0	0	0	3361
0	0	0	0	0	0	0	3362
0	0	0	0	0	0	0	3363
0	0	0	0	0	0	0	3364
0	0	0	0	0	0	0	3365
0	0	0	0	0	0	0	3366
0	0	0	0	0	0	0	3367
0	0	0	0	0	0	0	3368
0	0	0	0	0	0	0	3369
0	0	0	0	0	0	0	3370
0	0	0	0	0	0	0	3371
0	0	0	0	0	0	0	3372
0	0	0	0	0	0	0	3373
0	0	0	0	0	0	0	3374
0	0	0	0	0	0	0	3375
0	0	0	0	0	0	0	3376
0	0	0	0	0	0	0	3377
0	0	0	0	0	0	0	3378
0	0	0	0	0	0	0	3379
0	0	0	0	0	0	0	3380
0	0	0	0	0	0	0	3381
0	0	0	0	0	0	0	3382
0	0	0	0	0	0	0	3383
0	0	0	0	0	0	0	3384
0	0	0	0	0	0	0	3385
0	0	0	0	0	0	0	3386
0	0	0	0	0	0	0	3387
0	0	0	0	0	0	0	3388
0	0	0	0	0	0	0	3389
0	0	0	0	0	0	0	3390
0	0	0	0	0	0	0	3391
0	0	0	0	0	0	0	3392
0	0	0	0	0	0	0	3393
0	0	0	0	0	0	0	3394
0	0	0	0	0	0	0	3395
0	0	0	0	0	0	0	3396
0	0	0	0	0	0	0	3397
0	0	0	0	0	0	0	3398
0	0	0	0	0	0	0	3399
0	0	0	0	0	0	0	3400
0	0	0	0	0	0	0	3401
0	0	0	0	0	0	0	3402
0	0	0	0	0	0	0	3403
0	0	0	0	0	0	0	3404
0	0	0	0	0	0	0	3405
0	0	0	0	0	0	0	3406
0	0	0	0	0	0	0	3407
0	0	0	0	0	0	0	3408
0	0	0	0	0	0	0	3409
0	0	0	0	0	0	0	3410
0	0	0	0	0	0	0	3411
0	0	0	0	0	0	0	3412
0	0	0	0	0	0	0	3413
0	0	0	0	0	0	0	3414
0	0	0	0	0	0	0	3415
0	0	0	0	0	0	0	3416
0	0	0	0	0	0	0	3417
0	0	0	0	0	0	0	3418
0	0	0	0	0	0	0	3419
0	0	0	0	0	0	0	3420
0	0	0	0	0	0	0	3421
0	0	0	0	0	0	0	3422
0	0	0	0	0	0	0	3423
0	0	0	0	0	0	0	3424
0	0	0	0	0	0	0	3425
0	0	0	0	0	0	0	3426
0	0	0	0	0	0	0	3427
0	0	0	0	0	0	0	3428
0	0	0	0	0	0	0	3429
0	0	0	0	0	0	0	3430
0	0	0	0	0	0	0	3431
0	0	0	0	0	0	0	3432
0	0	0	0	0	0	0	3433
0	0	0	0	0	0	0	3434
0	0	0	0	0	0	0	3435
0	0	0	0	0	0	0	3436
0	0	0	0	0	0	0	3437
0	0	0	0	0	0	0	3438
0	0	0	0	0	0	0	3439
0	0	0	0	0	0	0	3440
0	0	0	0	0	0	0	3441
0	0	0	0	0	0	0	3442
0	0	0	0	0	0	0	3443
0	0	0	0	0	0	0	3444
0	0	0	0	0	0	0	3445
0	0	0	0	0	0	0	3446
0	0	0	0	0	0	0	3447
0	0	0	0	0	0	0	3448
0	0	0	0	0	0	0	3449
0	0	0	0	0	0	0	3450
0	0	0	0	0	0	0	3451
0	0	0	0	0	0	0	3452
0	0	0	0	0	0	0	3453
0	0	0	0	0	0	0	3454
0	0	0	0	0	0	0	3455
0	0	0	0	0	0	0	3456
0	0	0	0	0	0	0	3457
0	0	0	0	0	0	0	3458
0	0	0	0	0	0	0	3459
0	0	0	0	0	0	0	3460
0	0	0	0	0	0	0	3461
0	0	0	0	0	0	0	3462
0	0	0	0	0	0	0	3463
0	0	0	0	0	0	0	3464
0	0	0	0	0	0	0	3465
0	0	0	0	0	0	0	3466
0	0	0	0	0	0	0	3467
0	0	0	0	0	0	0	3468
0	0	0	0	0	0	0	3469
0	0	0	0	0	0	0	3470
0	0	0	0	0	0	0	3471
0	0	0	0	0	0	0	3472
0	0	0	0	0	0	0	3473
0	0	0	0	0	0	0	3474
0	0	0	0	0	0	0	3475
0	0	0	0	0	0	0	3476
0	0	0	0	0	0	0	3477
0	0	0	0	0	0	0	3478
0	0	0	0	0	0	0	3479
0	0	0	0	0	0	0	3480
0	0	0	0	0	0	0	3481
0	0	0	0	0	0	0	3482
0	0	0	0	0	0	0	3483
0	0	0	0	0	0	0	3484
0	0	0	0	0	0	0	3485
0	0	0	0	0	0	0	3486
0	0	0	0	0	0	0	3487
0	0	0	0	0	0	0	3488
0	0	0	0	0	0	0	3489
0	0	0	0	0	0	0	3490
0	0	0	0	0	0	0	3491
0	0	0	0	0	0	0	3492
0	0	0	0	0	0	0	3493
0	0	0	0	0	0	0	3494
0	0	0	0	0	0	0	3495
0	0	0	0	0	0	0	3496
0	0	0	0	0	0	0	3497
0	0	0	0	0	0	0	3498
0	0	0	0	0	0	0	3499
0	0	0	0	0	0	0	3500
0	0	0	0	0	0	0	3501
0	0	0	0	0	0	0	3502
0	0	0	0	0	0	0	3503
0	0	0	0	0	0	0	3504
0	0	0	0	0	0	0	3505
0	0	0	0	0	0	0	3506
0	0	0	0	0	0	0	3507
0	0	0	0	0	0	0	3508
0	0	0	0	0	0	0	3509
0	0	0	0	0	0	0	3510
0	0	0	0	0	0	0	3511
0	0	0	0	0	0	0	3512
0	0	0	0	0	0	0	3513
0	0	0	0	0	0	0	3514
0	0	0	0	0	0	0	3515
0	0	0	0	0	0	0	3516
0	0	0	0	0	0	0	3517
0	0	0	0	0	0	0	3518
0	0	0	0	0	0	0	3519
0	0	0	0	0	0	0	3520
0	0	0	0	0	0	0	3521
0	0	0	0	0	0	0	3522
0	0	0	0	0	0	0	3523
0	0	0	0	0	0	0	3524
0	0	0	0	0	0	0	3525
0	0	0	0	0	0	0	3526
0	0	0	0	0	0	0	3527
0	0	0	0	0	0	0	3528
0	0	0	0	0	0	0	3529
0	0	0	0	0	0	0	3530
0	0	0	0	0	0	0	3531
0	0	0	0	0	0	0	3532
0	0	0	0	0	0	0	3533
0	0	0	0	0	0	0	3534
0	0	0	0	0	0	0	3535
0	0	0	0	0	0	0	3536
0	0	0	0	0	0	0	3537
0	0	0	0	0	0	0	3538
0	0	0	0	0	0	0	3539
0	0	0	0	0	0	0	3540
0	0	0	0	0	0	0	3541
0	0	0	0	0	0	0	3542
0	0	0	0	0	0	0	3543
0	0	0	0	0	0	0	3544
0	0	0	0	0	0	0	3545
0	0	0	0	0	0	0	3546
0	0	0	0	0	0	0	3547
0	0	0	0	0	0	0	3548
0	0	0	0	0	0	0	3549
0	0	0	0	0	0	0	3550
0	0	0	0	0	0	0	3551
0	0	0	0	0	0	0	3552
0	0	0	0	0	0	0	3553
0	0	0	0	0	0	0	3554
0	0	0	0	0	0	0	3555
0	0	0	0	0	0	0	3556
0	0	0	0	0	0	0	3557
0	0	0	0	0	0	0	3558
0	0	0	0	0	0	0	3559
0	0	0	0	0	0	0	3560
0	0	0	0	0	0	0	3561
0	0	0	0	0	0	0	3562
0	0	0	0	0	0	0	3563
0	0	0	0	0	0	0	3564
0	0	0	0	0	0	0	3565
0	0	0	0	0	0	0	3566
0	0	0	0	0	0	0	3567
0	0	0	0	0	0	0	3568
0	0	0	0	0	0	0	3569
0	0	0	0	0	0	0	3570
0	0	0	0	0	0	0	3571
0	0	0	0	0	0	0	3572
0	0	0	0	0	0	0	3573
0	0	0	0	0	0	0	3574
0	0	0	0	0	0	0	3575
0	0	0	0	0	0	0	3576
0	0	0	0	0	0	0	3577
0	0	0	0	0	0	0	3578
0	0	0	0	0	0	0	3579
0	0	0	0	0	0	0	3580
0	0	0	0	0	0	0	3581
0	0	0	0	0	0	0	3582
0	0	0	0	0	0	0	3583
0	0	0	0	0	0	0	3584
0	0	0	0	0	0	0	3585
0	0	0	0	0	0	0	3586
0	0	0	0	0	0	0	3587
0	0	0	0	0	0	0	3588
0	0	0	0	0	0	0	3589
0	0	0	0	0	0	0	3590
0	0	0	0	0	0	0	3591
0	0	0	0	0	0	0	3592
0	0	0	0	0	0	0	3593
0	0	0	0	0	0	0	3594
0	0	0	0	0	0	0	3595
0	0	0	0	0	0	0	3596
0	0	0	0	0	0	0	3597
0	0	0	0	0	0	0	3598
0	0	0	0	0	0	0	3599
0	0	0	0	0	0	0	3600
0	0	0	0	0	0	0	3601
0	0	0	0	0	0	0	3602
0	0	0	0	0	0	0	3603
0	0	0	0	0	0	0	3604
0	0	0	0	0	0	0	3605
0	0	0	0	0	0	0	3606
0	0	0	0	0	0	0	3607
0	0	0	0	0	0	0	3608
0	0	0	0	0	0	0	3609
0	0	0	0	0	0	0	3610
0	0	0	0	0	0	0	3611
0	0	0	0	0	0	0	3612
0	0	0	0	0	0	0	3613
0	0	0	0	0	0	0	3614
0	0	0	0	0	0	0	3615
0	0	0	0	0	0	0	3616
0	0	0	0	0	0	0	3617
0	0	0	0	0	0	0	3618
0	0	0	0	0	0	0	3619
0	0	0	0	0	0	0	3620
0	0	0	0	0	0	0	3621
0	0	0	0	0	0	0	3622
0	0	0	0	0	0	0	3623
0	0	0	0	0	0	0	3624
0	0	0	0	0	0	0	3625
0	0	0	0	0	0	0	3626
0	0	0	0	0	0	0	3627
0	0	0	0	0	0	0	3628
0	0	0	0	0	0	0	3629
0	0	0	0	0	0	0	3630
0	0	0	0	0	0	0	3631
0	0	0	0	0	0	0	3632
0	0	0	0	0	0	0	3633
0	0	0	0	0	0	0	3634
0	0	0	0	0	0	0	3635
0	0	0	0	0	0	0	3636
0	0	0	0	0	0	0	3637
0	0	0	0	0	0	0	3638
0	0	0	0	0	0	0	3639
0	0	0	0	0	0	0	3640
0	0	0	0	0	0	0	3641
0	0	0	0	0	0	0	3642
0	0	0	0	0	0	0	3643
0	0	0	0	0	0	0	3644
0	0	0	0	0	0	0	3645
0	0	0	0	0	0	0	3646
0	0	0	0	0	0	0	3647
0	0	0	0	0	0	0	3648
0	0	0	0	0	0	0	3649
0	0	0	0	0	0	0	3650
0	0	0	0	0	0	0	3651
0	0	0	0	0	0	0	3652
0	0	0	0	0	0	0	3653
0	0	0	0	0	0	0	3654
0	0	0	0	0	0	0	3655
0	0	0	0	0	0	0	3656
0	0	0	0	0	0	0	3657
0	0	0	0	0	0	0	3658
0	0	0	0	0	0	0	3659
0	0	0	0	0	0	0	3660
0	0	0	0	0	0	0	3661
0	0	0	0	0	0	0	3662
0	0	0	0	0	0	0	3663
0	0	0	0	0	0	0	3664
0	0	0	0	0	0	0	3665
0	0	0	0	0	0	0	3666
0	0	0	0	0	0	0	3667
0	0	0	0	0	0	0	3668
0	0	0	0	0	0	0	3669
0	0	0	0	0	0	0	3670
0	0	0	0	0	0	0	3671
0	0	0	0	0	0	0	3672
0	0	0	0	0	0	0	3673
0	0	0	0	0	0	0	3674
0	0	0	0	0	0	0	3675
0	0	0	0	0	0	0	3676
0	0	0	0	0	0	0	3677
0	0	0	0	0	0	0	3678
0	0	0	0	0	0	0	3679
0	0	0	0	0	0	0	3680
0	0	0	0	0	0	0	3681
0	0	0	0	0	0	0	3682
0	0	0	0	0	0	0	3683
0	0	0	0	0	0	0	3684
0	0	0	0	0	0	0	3685
0	0	0	0	0	0	0	3686
0	0	0	0	0	0	0	3687
0	0	0	0	0	0	0	3688
0	0	0	0	0	0	0	3689
0	0	0	0	0	0	0	3690
0	0	0	0	0	0	0	3691
0	0	0	0	0	0	0	3692
0	0	0	0	0	0	0	3693
0	0	0	0	0	0	0	3694
0	0	0	0	0	0	0	3695
0	0	0	0	0	0	0	3696
0	0	0	0	0	0	0	3697
0	0	0	0	0	0	0	3698
0	0	0	0	0	0	0	3699
0	0	0	0	0	0	0	3700
0	0	0	0	0	0	0	3701
0	0	0	0	0	0	0	3702
0	0	0	0	0	0	0	3703
0	0	0	0	0	0	0	3704
0	0	0	0	0	0	0	3705
0	0	0	0	0	0	0	3706
0	0	0	0	0	0	0	3707
0	0	0	0	0	0	0	3708
0	0	0	0	0	0	0	3709
0	0	0	0	0	0	0	3710
0	0	0	0	0	0	0	3711
0	0	0	0	0	0	0	3712
0	0	0	0	0	0	0	3713
0	0	0	0	0	0	0	3714
0	0	0	0	0	0	0	3715
0	0	0	0	0	0	0	3716
0	0	0	0	0	0	0	3717
0	0	0	0	0	0	0	3718
0	0	0	0	0	0	0	3719
0	0	0	0	0	0	0	3720
0	0	0	0	0	0	0	3721
0	0	0	0	0	0	0	3722
0	0	0	0	0	0	0	3723
0	0	0	0	0	0	0	3724
0	0	0	0	0	0	0	3725
0	0	0	0	0	0	0	3726
0	0	0	0	0	0	0	3727
0	0	0	0	0	0	0	3728
0	0	0	0	0	0	0	3729
0	0	0	0	0	0	0	3730
0	0	0	0	0	0	0	3731
0	0	0	0	0	0	0	3732
0	0	0	0	0	0	0	3733
0	0	0	0	0	0	0	3734
0	0	0	0	0	0	0	3735
0	0	0	0	0	0	0	3736
0	0	0	0	0	0	0	3737
0	0	0	0	0	0	0	3738
0	0	0	0	0	0	0	3739
0	0	0	0	0	0	0	3740
0	0	0	0	0	0	0	3741
0	0	0	0	0	0	0	3742
0	0	0	0	0	0	0	3743
0	0	0	0	0	0	0	3744
0	0	0	0	0	0	0	3745
0	0	0	0	0	0	0	3746
0	0	0	0	0	0	0	3747
0	0	0	0	0	0	0	3748
0	0	0	0	0	0	0	3749
0	0	0	0	0	0	0	3750
0	0	0	0	0	0	0	3751
0	0	0	0	0	0	0	3752
0	0	0	0	0	0	0	3753
0	0	0	0	0	0	0	3754
0	0	0	0	0	0	0	3755
0	0	0	0	0	0	0	3756
0	0	0	0	0	0	0	3757
0	0	0	0	0	0	0	3758
0	0	0	0	0	0	0	3759
0	0	0	0	0	0	0	3760
0	0	0	0	0	0	0	3761
0	0	0	0	0	0	0	3762
0	0	0	0	0	0	0	3763
0	0	0	0	0	0	0	3764
0	0	0	0	0	0	0	3765
0	0	0	0	0	0	0	3766
0	0	0	0	0	0	0	3767
0	0	0	0	0	0	0	3768
0	0	0	0	0	0	0	3769
0	0	0	0	0	0	0	3770
0	0	0	0	0	0	0	3771
0	0	0	0	0	0	0	3772
0	0	0	0	0	0	0	3773
0	0	0	0	0	0	0	3774
0	0	0	0	0	0	0	3775
0	0	0	0	0	0	0	3776
0	0	0	0	0	0	0	3777
0	0	0	0	0	0	0	3778
0	0	0	0	0	0	0	3779
0	0	0	0	0	0	0	3780
0	0	0	0	0	0	0	3781
0	0	0	0	0	0	0	3782
0	0	0	0	0	0	0	3783
0	0	0	0	0	0	0	3784
0	0	0	0	0	0	0	3785
0	0	0	0	0	0	0	3786
0	0	0	0	0	0	0	3787
0	0	0	0	0	0	0	3788
0	0	0	0	0	0	0	3789
0	0	0	0	0	0	0	3790
0	0	0	0	0	0	0	3791
0	0	0	0	0	0	0	3792
0	0	0	0	0	0	0	3793
0	0	0	0	0	0	0	3794
0	0	0	0	0	0	0	3795
0	0	0	0	0	0	0	3796
0	0	0	0	0	0	0	3797
0	0	0	0	0	0	0	3798
0	0	0	0	0	0	0	3799
0	0	0	0	0	0	0	3800
0	0	0	0	0	0	0	3801
0	0	0	0	0	0	0	3802
0	0	0	0	0	0	0	3803
0	0	0	0	0	0	0	3804
0	0	0	0	0	0	0	3805
0	0	0	0	0	0	0	3806
0	0	0	0	0	0	0	3807
0	0	0	0	0	0	0	3808
0	0	0	0	0	0	0	3809
0	0	0	0	0	0	0	3810
0	0	0	0	0	0	0	3811
0	0	0	0	0	0	0	3812
0	0	0	0	0	0	0	3813
0	0	0	0	0	0	0	3814
0	0	0	0	0	0	0	3815
0	0	0	0	0	0	0	3816
0	0	0	0	0	0	0	3817
0	0	0	0	0	0	0	3818
0	0	0	0	0	0	0	3819
0	0	0	0	0	0	0	3820
0	0	0	0	0	0	0	3821
0	0	0	0	0	0	0	3822
0	0	0	0	0	0	0	3823
0	0	0	0	0	0	0	3824
0	0	0	0	0	0	0	3825
0	0	0	0	0	0	0	3826
0	0	0	0	0	0	0	3827
0	0	0	0	0	0	0	3828
0	0	0	0	0	0	0	3829
0	0	0	0	0	0	0	3830
0	0	0	0	0	0	0	3831
0	0	0	0	0	0	0	3832
0	0	0	0	0	0	0	3833
0	0	0	0	0	0	0	3834
0	0	0	0	0	0	0	3835
0	0	0	0	0	0	0	3836
0	0	0	0	0	0	0	3837
0	0	0	0	0	0	0	3838
0	0	0	0	0	0	0	3839
0	0	0	0	0	0	0	3840
0	0	0	0	0	0	0	3841
0	0	0	0	0	0	0	3842
0	0	0	0	0	0	0	3843
0	0	0	0	0	0	0	3844
0	0	0	0	0	0	0	3845
0	0	0	0	0	0	0	3846
0	0	0	0	0	0	0	3847
0	0	0	0	0	0	0	3848
0	0	0	0	0	0	0	3849
0	0	0	0	0	0	0	3850
0	0	0	0	0	0	0	3851
0	0	0	0	0	0	0	3852
0	0	0	0	0	0	0	3853
0	0	0	0	0	0	0	3854
0	0	0	0	0	0	0	3855
0	0	0	0	0	0	0	3856
0	0	0	0	0	0	0	3857
0	0	0	0	0	0	0	3858
0	0	0	0	0	0	0	3859
0	0	0	0	0	0	0	3860
0	0	0	0	0	0	0	3861
0	0	0	0	0	0	0	3862
0	0	0	0	0	0	0	3863
0	0	0	0	0	0	0	3864
0	0	0	0	0	0	0	3865
0	0	0	0	0	0	0	3866
0	0	0	0	0	0	0	3867
0	0	0	0	0	0	0	3868
0	0	0	0	0	0	0	3869
0	0	0	0	0	0	0	3870
0	0	0	0	0	0	0	3871
0	0	0	0	0	0	0	3872
0	0	0	0	0	0	0	3873
0	0	0	0	0	0	0	3874
0	0	0	0	0	0	0	3875
0	0	0	0	0	0	0	3876
0	0	0	0	0	0	0	3877
0	0	0	0	0	0	0	3878
0	0	0	0	0	0	0	3879
0	0	0	0	0	0	0	3880
0	0	0	0	0	0	0	3881
0	0	0	0	0	0	0	3882
0	0	0	0	0	0	0	3883
0	0	0	0	0	0	0	3884
0	0	0	0	0	0	0	3885
0	0	0	0	0	0	0	3886
0	0	0	0	0	0	0	3887
0	0	0	0	0	0	0	3888
0	0	0	0	0	0	0	3889
0	0	0	0	0	0	0	3890
0	0	0	0	0	0	0	3891
0	0	0	0	0	0	0	3892
0	0	0	0	0	0	0	3893
0	0	0	0	0	0	0	3894
0	0	0	0	0	0	0	3895
0	0	0	0	0	0	0	3896
0	0	0	0	0	0	0	3897
0	0	0	0	0	0	0	3898
0	0	0	0	0	0	0	3899
0	0	0	0	0	0	0	3900
0	0	0	0	0	0	0	3901
0	0	0	0	0	0	0	3902
0	0	0	0	0	0	0	3903
0	0	0	0	0	0	0	3904
0	0	0	0	0	0	0	3905
0	0	0	0	0	0	0	3906
0	0	0	0	0	0	0	3907
0	0	0	0	0	0	0	3908
0	0	0	0	0	0	0	3909
0	0	0	0	0	0	0	3910
0	0	0	0	0	0	0	3911
0	0	0	0	0	0	0	3912
0	0	0	0	0	0	0	3913
0	0	0	0	0	0	0	3914
0	0	0	0	0	0	0	3915
0	0	0	0	0	0	0	3916
0	0	0	0	0	0	0	3917
0	0	0	0	0	0	0	3918
0	0	0	0	0	0	0	3919
0	0	0	0	0	0	0	3920
0	0	0	0	0	0	0	3921
0	0	0	0	0	0	0	3922
0	0	0	0	0	0	0	3923
0	0	0	0	0	0	0	3924
0	0	0	0	0	0	0	3925
0	0	0	0	0	0	0	3926
0	0	0	0	0	0	0	3927
0	0	0	0	0	0	0	3928
0	0	0	0	0	0	0	3929
0	0	0	0	0	0	0	3930
0	0	0	0	0	0	0	3931
0	0	0	0	0	0	0	3932
0	0	0	0	0	0	0	3933
0	0	0	0	0	0	0	3934
0	0	0	0	0	0	0	3935
0	0	0	0	0	0	0	3936
0	0	0	0	0	0	0	3937
0	0	0	0	0	0	0	3938
0	0	0	0	0	0	0	3939
0	0	0	0	0	0	0	3940
0	0	0	0	0	0	0	3941
0	0	0	0	0	0	0	3942
0	0	0	0	0	0	0	3943
0	0	0	0	0	0	0	3944
0	0	0	0	0	0	0	3945
0	0	0	0	0	0	0	3946
0	0	0	0	0	0	0	3947
0	0	0	0	0	0	0	3948
0	0	0	0	0	0	0	3949
0	0	0	0	0	0	0	3950
0	0	0	0	0	0	0	3951
0	0	0	0	0	0	0	3952
0	0	0	0	0	0	0	3953
0	0	0	0	0	0	0	3954
0	0	0	0	0	0	0	3955
0	0	0	0	0	0	0	3956
0	0	0	0	0	0	0	3957
0	0	0	0	0	0	0	3958
0	0	0	0	0	0	0	3959
0	0	0	0	0	0	0	3960
0	0	0	0	0	0	0	3961
0	0	0	0	0	0	0	3962
0	0	0	0	0	0	0	3963
0	0	0	0	0	0	0	3964
0	0	0	0	0	0	0	3965
0	0	0	0	0	0	0	3966
0	0	0	0	0	0	0	3967
0	0	0	0	0	0	0	3968
0	0	0	0	0	0	0	3969
0	0	0	0	0	0	0	3970
0	0	0	0	0	0	0	3971
0	0	0	0	0	0	0	3972
0	0	0	0	0	0	0	3973
0	0	0	0	0	0	0	3974
0	0	0	0	0	0	0	3975
0	0	0	0	0	0	0	3976
0	0	0	0	0	0	0	3977
0	0	0	0	0	0	0	3978
0	0	0	0	0	0	0	3979
0	0	0	0	0	0	0	3980
0	0	0	0	0	0	0	3981
0	0	0	0	0	0	0	3982
0	0	0	0	0	0	0	3983
0	0	0	0	0	0	0	3984
0	0	0	0	0	0	0	3985
0	0	0	0	0	0	0	3986
0	0	0	0	0	0	0	3987
0	0	0	0	0	0	0	3988
0	0	0	0	0	0	0	3989
0	0	0	0	0	0	0	3990
0	0	0	0	0	0	0	3991
0	0	0	0	0	0	0	3992
0	0	0	0	0	0	0	3993
0	0	0	0	0	0	0	3994
0	0	0	0	0	0	0	3995
0	0	0	0	0	0	0	3996
0	0	0	0	0	0	0	3997
0	0	0	0	0	0	0	3998
0	0	0	0	0	0	0	3999
0	0	0	0	0	0	0	4000
0	0	0	0	0	0	0	4001
0	0	0	0	0	0	0	4002
0	0	0	0	0	0	0	4003
0	0	0	0	0	0	0	4004
0	0	0	0	0	0	0	4005
0	0	0	0	0	0	0	4006
0	0	0	0	0	0	0	4007
0	0	0	0	0	0	0	4008
0	0	0	0	0	0	0	4009
0	0	0	0	0	0	0	4010
0	0	0	0	0	0	0	4011
0	0	0	0	0	0	0	4012
0	0	0	0	0	0	0	4013
0	0	0	0	0	0	0	4014
0	0	0	0	0	0	0	4015
0	0	0	0	0	0	0	4016
0	0	0	0	0	0	0	4017
0	0	0	0	0	0	0	4018
0	0	0	0	0	0	0	4019
0	0	0	0	0	0	0	4020
0	0	0	0	0	0	0	4021
0	0	0	0	0	0	0	4022
0	0	0	0	0	0	0	4023
0	0	0	0	0	0	0	4024
0	0	0	0	0	0	0	4025
0	0	0	0	0	0	0	4026
0	0	0	0	0	0	0	4027
0	0	0	0	0	0	0	4028
0	0	0	0	0	0	0	4029
0	0	0	0	0	0	0	4030
0	0	0	0	0	0	0	4031
0	0	0	0	0	0	0	4032
0	0	0	0	0	0	0	4033
0	0	0	0	0	0	0	4034
0	0	0	0	0	0	0	4035
0	0	0	0	0	0	0	4036
0	0	0	0	0	0	0	4037
0	0	0	0	0	0	0	4038
0	0	0	0	0	0	0	4039
0	0	0	0	0	0	0	4040
0	0	0	0	0	0	0	4041
0	0	0	0	0	0	0	4042
0	0	0	0	0	0	0	4043
0	0	0	0	0	0	0	4044
0	0	0	0	0	0	0	4045
0	0	0	0	0	0	0	4046
0	0	0	0	0	0	0	4047
0	0	0	0	0	0	0	4048
0	0	0	0	0	0	0	4049
0	0	0	0	0	0	0	4050
0	0	0	0	0	0	0	4051
0	0	0	0	0	0	0	4052
0	0	0	0	0	0	0	4053
0	0	0	0	0	0	0	4054
0	0	0	0	0	0	0	4055
0	0	0	0	0	0	0	4056
0	0	0	0	0	0	0	4057
0	0	0	0	0	0	0	4058
0	0	0	0	0	0	0	4059
0	0	0	0	0	0	0	4060
0	0	0	0	0	0	0	4061
0	0	0	0	0	0	0	4062
0	0	0	0	0	0	0	4063
0	0	0	0	0	0	0	4064
0	0	0	0	0	0	0	4065
0	0	0	0	0	0	0	4066
0	0	0	0	0	0	0	4067
0	0	0	0	0	0	0	4068
0	0	0	0	0	0	0	4069
0	0	0	0	0	0	0	4070
0	0	0	0	0	0	0	4071
0	0	0	0	0	0	0	4072
0	0	0	0	0	0	0	4073
0	0	0	0	0	0	0	4074
0	0	0	0	0	0	0	4075
0	0	0	0	0	0	0	4076
0	0	0	0	0	0	0	4077
0	0	0	0	0	0	0	4078
0	0	0	0	0	0	0	4079
0	0	0	0	0	0	0	4080
0	0	0	0	0	0	0	4081
0	0	0	0	0	0	0	4082
0	0	0	0	0	0	0	4083
0	0	0	0	0	0	0	4084
0	0	0	0	0	0	0	4085
0	0	0	0	0	0	0	4086
0	0	0	0	0	0	0	4087
0	0	0	0	0	0	0	4088
0	0	0	0	0	0	0	4089
0	0	0	0	0	0	0	4090
0	0	0	0	0	0	0	4091
0	0	0	0	0	0	0	4092
0	0	0	0	0	0	0	4093
0	0	0	0	0	0	0	4094
0	0	0	0	0	0	0	4095
0	0	0	0	0	0	0	4096
0	0	0	0	0	0	0	4097
0	0	0	0	0	0	0	4098
0	0	0	0	0	0	0	4099
0	0	0	0	0	0	0	4100
0	0	0	0	0	0	0	4101
0	0	0	0	0	0	0	4102
0	0	0	0	0	0	0	4103
0	0	0	0	0	0	0	4104
0	0	0	0	0	0	0	4105
0	0	0	0	0	0	0	4106
0	0	0	0	0	0	0	4107
0	0	0	0	0	0	0	4108
0	0	0	0	0	0	0	4109
0	0	0	0	0	0	0	4110
0	0	0	0	0	0	0	4111
0	0	0	0	0	0	0	4112
0	0	0	0	0	0	0	4113
0	0	0	0	0	0	0	4114
0	0	0	0	0	0	0	4115
0	0	0	0	0	0	0	4116
0	0	0	0	0	0	0	4117
0	0	0	0	0	0	0	4118
0	0	0	0	0	0	0	4119
