0 409 82 430 129 1200 0 0 0 "person"
0 409 82 430 129 1201 0 0 1 "person"
0 409 82 430 129 1202 0 0 0 "person"
0 404 81 428 128 1203 0 0 1 "person"
0 399 81 426 127 1204 0 0 1 "person"
0 394 81 424 127 1205 0 0 1 "person"
0 389 81 422 126 1206 0 0 1 "person"
0 385 81 421 126 1207 0 0 0 "person"
0 383 79 419 124 1208 0 0 1 "person"
0 381 78 417 123 1209 0 0 1 "person"
0 379 77 415 122 1210 0 0 1 "person"
0 377 76 413 121 1211 0 0 1 "person"
0 375 75 411 120 1212 0 0 1 "person"
0 373 74 409 119 1213 0 0 1 "person"
0 372 73 408 118 1214 0 0 0 "person"
0 369 72 405 117 1215 0 0 1 "person"
0 367 71 403 116 1216 0 0 1 "person"
0 364 70 400 115 1217 0 0 1 "person"
0 362 69 398 114 1218 0 0 0 "person"
0 357 67 393 112 1219 0 0 1 "person"
0 352 65 388 110 1220 0 0 1 "person"
0 347 63 383 108 1221 0 0 1 "person"
0 342 61 378 106 1222 0 0 1 "person"
0 337 60 373 105 1223 0 0 0 "person"
0 333 56 368 106 1224 0 0 1 "person"
0 329 52 364 107 1225 0 0 1 "person"
0 325 49 360 108 1226 0 0 1 "person"
0 321 45 356 109 1227 0 0 1 "person"
0 318 42 352 111 1228 0 0 0 "person"
0 314 40 348 109 1229 0 0 1 "person"
0 311 38 345 107 1230 0 0 1 "person"
0 307 37 341 106 1231 0 0 1 "person"
0 304 35 338 104 1232 0 0 1 "person"
0 300 34 334 103 1233 0 0 1 "person"
0 297 32 331 101 1234 0 0 1 "person"
0 294 31 328 100 1235 0 0 0 "person"
0 289 30 323 99 1236 0 0 1 "person"
0 284 29 318 98 1237 0 0 1 "person"
0 279 29 313 98 1238 0 0 0 "person"
0 277 25 311 94 1239 0 0 1 "person"
0 276 21 310 90 1240 0 0 1 "person"
0 275 18 309 87 1241 0 0 0 "person"
0 270 17 304 86 1242 0 0 1 "person"
0 266 17 300 86 1243 0 0 1 "person"
0 261 16 295 85 1244 0 0 1 "person"
0 257 16 291 85 1245 0 0 0 "person"
0 252 15 286 84 1246 0 0 1 "person"
0 248 15 282 84 1247 0 0 1 "person"
0 244 14 278 83 1248 0 0 1 "person"
0 240 14 274 83 1249 0 0 1 "person"
0 236 14 270 83 1250 0 0 0 "person"
0 231 14 265 83 1251 0 0 1 "person"
0 227 14 261 83 1252 0 0 1 "person"
0 223 14 257 83 1253 0 0 1 "person"
0 219 14 253 83 1254 0 0 1 "person"
0 215 15 249 84 1255 0 0 0 "person"
0 210 15 244 84 1256 0 0 1 "person"
0 205 16 239 85 1257 0 0 1 "person"
0 200 17 234 86 1258 0 0 1 "person"
0 195 18 229 87 1259 0 0 1 "person"
0 190 19 224 88 1260 0 0 0 "person"
0 188 20 222 89 1261 0 0 1 "person"
0 186 21 220 90 1262 0 0 1 "person"
0 184 23 218 92 1263 0 0 1 "person"
0 182 24 216 93 1264 0 0 1 "person"
0 180 26 214 95 1265 0 0 0 "person"
0 176 26 210 95 1266 0 0 1 "person"
0 172 27 206 96 1267 0 0 1 "person"
0 169 28 203 97 1268 0 0 1 "person"
0 165 29 199 98 1269 0 0 1 "person"
0 162 30 196 99 1270 0 0 0 "person"
0 157 32 193 100 1271 0 0 1 "person"
0 153 34 190 102 1272 0 0 1 "person"
0 148 36 187 104 1273 0 0 1 "person"
0 144 39 185 106 1274 0 0 0 "person"
0 142 42 183 109 1275 0 0 1 "person"
0 141 46 182 113 1276 0 0 1 "person"
0 139 50 180 117 1277 0 0 1 "person"
0 138 54 179 121 1278 0 0 0 "person"
0 135 58 176 125 1279 0 0 1 "person"
0 132 62 173 129 1280 0 0 1 "person"
0 129 66 170 133 1281 0 0 1 "person"
0 126 71 167 138 1282 0 0 0 "person"
0 122 75 163 142 1283 0 0 1 "person"
0 119 79 160 146 1284 0 0 1 "person"
0 115 83 156 150 1285 0 0 1 "person"
0 112 87 153 154 1286 0 0 0 "person"
0 110 90 151 157 1287 0 0 1 "person"
0 109 93 150 160 1288 0 0 1 "person"
0 108 96 149 163 1289 0 0 1 "person"
0 107 99 148 166 1290 0 0 1 "person"
0 106 102 147 169 1291 0 0 1 "person"
0 105 105 146 172 1292 0 0 1 "person"
0 104 108 145 175 1293 0 0 0 "person"
0 102 111 143 178 1294 0 0 1 "person"
0 100 115 141 182 1295 0 0 1 "person"
0 99 119 140 186 1296 0 0 1 "person"
0 97 123 138 190 1297 0 0 1 "person"
0 96 127 137 194 1298 0 0 0 "person"
0 94 130 138 195 1299 0 0 1 "person"
0 92 134 139 196 1300 0 0 1 "person"
0 90 138 141 197 1301 0 0 1 "person"
0 88 142 142 198 1302 0 0 1 "person"
0 86 146 143 199 1303 0 0 1 "person"
0 85 150 145 201 1304 0 0 0 "person"
0 83 154 143 205 1305 0 0 1 "person"
0 82 158 142 209 1306 0 0 1 "person"
0 81 162 141 213 1307 0 0 1 "person"
0 80 166 140 217 1308 0 0 1 "person"
0 79 170 139 221 1309 0 0 1 "person"
0 78 174 138 225 1310 0 0 1 "person"
0 77 179 137 230 1311 0 0 0 "person"
0 77 181 137 232 1312 0 0 1 "person"
0 78 184 138 235 1313 0 0 1 "person"
0 79 186 139 237 1314 0 0 1 "person"
0 80 189 140 240 1315 0 0 0 "person"
0 79 191 139 242 1316 0 0 1 "person"
0 79 194 139 245 1317 0 0 1 "person"
0 79 197 139 248 1318 0 0 1 "person"
0 79 200 139 251 1319 0 0 0 "person"
0 79 207 139 258 1320 0 0 1 "person"
0 80 214 140 265 1321 0 0 1 "person"
0 81 221 141 272 1322 0 0 1 "person"
0 82 228 142 279 1323 0 0 0 "person"
0 85 232 145 283 1324 0 0 1 "person"
0 88 236 148 287 1325 0 0 1 "person"
0 91 240 151 291 1326 0 0 1 "person"
0 94 244 154 295 1327 0 0 1 "person"
0 97 248 157 299 1328 0 0 0 "person"
0 95 250 155 301 1329 0 0 1 "person"
0 94 253 154 304 1330 0 0 1 "person"
0 92 256 152 307 1331 0 0 1 "person"
0 91 259 151 310 1332 0 0 0 "person"
0 91 260 151 311 1333 0 0 1 "person"
0 92 261 152 312 1334 0 0 1 "person"
0 92 262 152 313 1335 0 0 1 "person"
0 93 263 153 314 1336 0 0 1 "person"
0 94 265 154 316 1337 0 0 0 "person"
0 93 268 153 319 1338 0 0 1 "person"
0 93 271 153 322 1339 0 0 1 "person"
0 93 275 153 326 1340 0 0 1 "person"
0 93 278 153 329 1341 0 0 1 "person"
0 93 282 153 333 1342 0 0 0 "person"
0 93 285 153 336 1343 0 0 1 "person"
0 93 289 153 340 1344 0 0 1 "person"
0 93 293 153 344 1345 0 0 1 "person"
0 94 297 154 348 1346 0 0 0 "person"
0 96 299 156 350 1347 0 0 1 "person"
0 98 302 158 353 1348 0 0 1 "person"
0 100 305 160 356 1349 0 0 1 "person"
0 102 308 162 359 1350 0 0 1 "person"
0 104 310 164 361 1351 0 0 1 "person"
0 106 313 166 364 1352 0 0 1 "person"
0 108 316 168 367 1353 0 0 1 "person"
0 111 319 171 370 1354 0 0 0 "person"
0 111 319 171 370 1355 0 0 1 "person"
0 112 319 172 370 1356 0 0 1 "person"
0 113 320 173 371 1357 0 0 1 "person"
0 114 320 174 371 1358 0 0 1 "person"
0 115 321 175 372 1359 0 0 1 "person"
0 116 321 176 372 1360 0 0 1 "person"
0 117 322 177 373 1361 0 0 0 "person"
0 118 323 178 374 1362 0 0 1 "person"
0 119 324 179 375 1363 0 0 1 "person"
0 121 325 181 376 1364 0 0 1 "person"
0 122 326 182 377 1365 0 0 1 "person"
0 124 327 184 378 1366 0 0 1 "person"
0 125 328 185 379 1367 0 0 1 "person"
0 127 329 187 380 1368 0 0 0 "person"
0 127 329 187 380 1369 0 0 1 "person"
0 127 329 187 380 1370 0 0 1 "person"
0 127 330 187 381 1371 0 0 1 "person"
0 127 330 187 381 1372 0 0 1 "person"
0 127 331 187 382 1373 0 0 1 "person"
0 128 331 188 382 1374 0 0 1 "person"
0 128 332 188 383 1375 0 0 1 "person"
0 128 332 188 383 1376 0 0 1 "person"
0 128 333 188 384 1377 0 0 1 "person"
0 128 333 188 384 1378 0 0 1 "person"
0 129 334 189 385 1379 0 0 1 "person"
0 129 334 189 385 1380 0 0 1 "person"
0 129 335 189 386 1381 0 0 1 "person"
0 129 335 189 386 1382 0 0 1 "person"
0 129 336 189 387 1383 0 0 1 "person"
0 130 336 190 387 1384 0 0 1 "person"
0 130 337 190 388 1385 0 0 1 "person"
0 130 337 190 388 1386 0 0 1 "person"
0 130 338 190 389 1387 0 0 1 "person"
0 130 338 190 389 1388 0 0 1 "person"
0 131 339 191 390 1389 0 0 1 "person"
0 131 339 191 390 1390 0 0 1 "person"
0 131 340 191 391 1391 0 0 1 "person"
0 131 340 191 391 1392 0 0 1 "person"
0 131 341 191 392 1393 0 0 1 "person"
0 132 341 192 392 1394 0 0 1 "person"
0 132 342 192 393 1395 0 0 1 "person"
0 132 342 192 393 1396 0 0 1 "person"
0 132 343 192 394 1397 0 0 1 "person"
0 132 343 192 394 1398 0 0 1 "person"
0 133 344 193 395 1399 0 0 1 "person"
0 133 344 193 395 1400 0 0 1 "person"
0 133 345 193 396 1401 0 0 1 "person"
0 133 345 193 396 1402 0 0 1 "person"
0 133 346 193 397 1403 0 0 1 "person"
0 134 346 194 397 1404 0 0 1 "person"
0 134 347 194 398 1405 0 0 1 "person"
0 134 347 194 398 1406 0 0 1 "person"
0 134 348 194 399 1407 0 0 1 "person"
0 134 348 194 399 1408 0 0 1 "person"
0 135 349 195 400 1409 0 0 1 "person"
0 135 349 195 400 1410 0 0 1 "person"
0 135 349 195 400 1411 0 0 1 "person"
0 135 350 195 401 1412 0 0 1 "person"
0 135 350 195 401 1413 0 0 1 "person"
0 135 351 195 402 1414 0 0 1 "person"
0 136 351 196 402 1415 0 0 1 "person"
0 136 352 196 403 1416 0 0 1 "person"
0 136 352 196 403 1417 0 0 1 "person"
0 136 353 196 404 1418 0 0 1 "person"
0 136 353 196 404 1419 0 0 1 "person"
0 137 354 197 405 1420 0 0 1 "person"
0 137 354 197 405 1421 0 0 1 "person"
0 137 355 197 406 1422 0 0 1 "person"
0 137 355 197 406 1423 0 0 1 "person"
0 137 356 197 407 1424 0 0 1 "person"
0 138 356 198 407 1425 0 0 1 "person"
0 138 357 198 408 1426 0 0 1 "person"
0 138 357 198 408 1427 0 0 1 "person"
0 138 358 198 409 1428 0 0 1 "person"
0 138 358 198 409 1429 0 0 1 "person"
0 139 359 199 410 1430 0 0 1 "person"
0 139 359 199 410 1431 0 0 1 "person"
0 139 360 199 411 1432 0 0 1 "person"
0 139 360 199 411 1433 0 0 1 "person"
0 139 361 199 412 1434 0 0 1 "person"
0 140 361 200 412 1435 0 0 1 "person"
0 140 362 200 413 1436 0 0 1 "person"
0 140 362 200 413 1437 0 0 1 "person"
0 140 363 200 414 1438 0 0 1 "person"
0 140 363 200 414 1439 0 0 1 "person"
0 141 364 201 415 1440 0 0 1 "person"
0 141 364 201 415 1441 0 0 1 "person"
0 141 365 201 416 1442 0 0 1 "person"
0 141 365 201 416 1443 0 0 1 "person"
0 141 366 201 417 1444 0 0 1 "person"
0 142 366 202 417 1445 0 0 1 "person"
0 142 367 202 418 1446 0 0 1 "person"
0 142 367 202 418 1447 0 0 1 "person"
0 142 368 202 419 1448 0 0 1 "person"
0 142 368 202 419 1449 0 0 1 "person"
0 143 369 203 420 1450 0 0 0 "person"
0 144 368 204 419 1451 0 0 1 "person"
0 145 367 205 418 1452 0 0 1 "person"
0 146 367 206 418 1453 0 0 1 "person"
0 147 366 207 417 1454 0 0 1 "person"
0 148 365 208 416 1455 0 0 1 "person"
0 149 365 209 416 1456 0 0 1 "person"
0 150 364 210 415 1457 0 0 1 "person"
0 151 364 211 415 1458 0 0 0 "person"
0 150 362 210 413 1459 0 0 1 "person"
0 149 361 209 412 1460 0 0 1 "person"
0 148 359 208 410 1461 0 0 1 "person"
0 148 358 208 409 1462 0 0 1 "person"
0 147 356 207 407 1463 0 0 1 "person"
0 146 355 206 406 1464 0 0 1 "person"
0 146 354 206 405 1465 0 0 1 "person"
0 145 352 205 403 1466 0 0 1 "person"
0 144 351 204 402 1467 0 0 1 "person"
0 143 349 203 400 1468 0 0 1 "person"
0 143 348 203 399 1469 0 0 1 "person"
0 142 347 202 398 1470 0 0 1 "person"
0 141 345 201 396 1471 0 0 1 "person"
0 141 344 201 395 1472 0 0 1 "person"
0 140 342 200 393 1473 0 0 1 "person"
0 139 341 199 392 1474 0 0 1 "person"
0 139 340 199 391 1475 0 0 0 "person"
0 137 337 197 388 1476 0 0 1 "person"
0 136 334 196 385 1477 0 0 1 "person"
0 135 331 195 382 1478 0 0 1 "person"
0 134 328 194 379 1479 0 0 1 "person"
0 133 325 193 376 1480 0 0 1 "person"
0 131 323 191 374 1481 0 0 1 "person"
0 130 320 190 371 1482 0 0 1 "person"
0 129 317 189 368 1483 0 0 1 "person"
0 128 314 188 365 1484 0 0 1 "person"
0 127 311 187 362 1485 0 0 1 "person"
0 126 309 186 360 1486 0 0 1 "person"
0 124 306 184 357 1487 0 0 1 "person"
0 123 303 183 354 1488 0 0 1 "person"
0 122 300 182 351 1489 0 0 1 "person"
0 121 297 181 348 1490 0 0 1 "person"
0 120 294 180 345 1491 0 0 1 "person"
0 118 292 178 343 1492 0 0 1 "person"
0 117 289 177 340 1493 0 0 1 "person"
0 116 286 176 337 1494 0 0 1 "person"
0 115 283 175 334 1495 0 0 1 "person"
0 114 280 174 331 1496 0 0 1 "person"
0 113 278 173 329 1497 0 0 1 "person"
0 111 275 171 326 1498 0 0 1 "person"
0 110 272 170 323 1499 0 0 1 "person"
0 109 269 169 320 1500 0 0 1 "person"
0 108 266 168 317 1501 0 0 1 "person"
0 107 263 167 314 1502 0 0 1 "person"
0 105 261 165 312 1503 0 0 1 "person"
0 104 258 164 309 1504 0 0 1 "person"
0 103 255 163 306 1505 0 0 1 "person"
0 102 252 162 303 1506 0 0 1 "person"
0 101 249 161 300 1507 0 0 1 "person"
0 100 247 160 298 1508 0 0 1 "person"
0 98 244 158 295 1509 0 0 1 "person"
0 97 241 157 292 1510 0 0 1 "person"
0 96 238 156 289 1511 0 0 1 "person"
0 95 235 155 286 1512 0 0 1 "person"
0 94 232 154 283 1513 0 0 1 "person"
0 92 230 152 281 1514 0 0 1 "person"
0 91 227 151 278 1515 0 0 1 "person"
0 90 224 150 275 1516 0 0 1 "person"
0 89 221 149 272 1517 0 0 1 "person"
0 88 218 148 269 1518 0 0 1 "person"
0 87 216 147 267 1519 0 0 0 "person"
0 87 216 147 267 1520 0 0 1 "person"
0 87 216 147 267 1521 0 0 0 "person"
1 443 92 470 129 1200 0 1 0 "person"
1 443 92 470 129 1201 0 1 1 "person"
1 443 92 470 129 1202 0 1 0 "person"
1 442 92 469 129 1203 0 1 1 "person"
1 441 92 468 129 1204 0 1 1 "person"
1 440 92 467 129 1205 0 1 1 "person"
1 440 92 467 129 1206 0 1 1 "person"
1 439 92 466 129 1207 0 1 1 "person"
1 438 92 465 129 1208 0 1 1 "person"
1 437 92 464 129 1209 0 1 1 "person"
1 437 92 464 129 1210 0 1 1 "person"
1 436 92 463 129 1211 0 1 1 "person"
1 435 92 462 129 1212 0 1 1 "person"
1 434 92 461 129 1213 0 1 1 "person"
1 434 93 461 130 1214 0 1 0 "person"
1 433 93 460 130 1215 0 1 1 "person"
1 432 93 459 130 1216 0 1 1 "person"
1 431 93 458 130 1217 0 1 1 "person"
1 430 93 457 130 1218 0 1 1 "person"
1 429 93 456 130 1219 0 1 1 "person"
1 428 93 455 130 1220 0 1 1 "person"
1 427 93 454 130 1221 0 1 1 "person"
1 426 93 453 130 1222 0 1 1 "person"
1 426 94 453 131 1223 0 1 0 "person"
1 424 93 451 130 1224 0 1 1 "person"
1 423 93 450 130 1225 0 1 1 "person"
1 421 92 448 129 1226 0 1 1 "person"
1 420 92 447 129 1227 0 1 1 "person"
1 419 92 446 129 1228 0 1 0 "person"
1 416 92 443 129 1229 0 1 1 "person"
1 413 92 440 129 1230 0 1 1 "person"
1 411 92 438 129 1231 0 1 1 "person"
1 408 92 435 129 1232 0 1 1 "person"
1 406 92 433 129 1233 0 1 0 "person"
1 405 90 432 128 1234 0 1 1 "person"
1 404 88 431 128 1235 0 1 1 "person"
1 403 87 430 127 1236 0 1 1 "person"
1 402 85 429 127 1237 0 1 1 "person"
1 401 83 428 126 1238 0 1 1 "person"
1 400 82 427 126 1239 0 1 1 "person"
1 399 80 426 125 1240 0 1 1 "person"
1 399 79 425 125 1241 0 0 0 "person"
1 396 78 422 126 1242 0 0 1 "person"
1 393 78 419 128 1243 0 0 1 "person"
1 390 77 416 130 1244 0 0 1 "person"
1 388 77 413 132 1245 0 0 0 "person"
1 386 77 412 135 1246 0 0 1 "person"
1 384 77 412 139 1247 0 0 1 "person"
1 382 77 412 143 1248 0 0 1 "person"
1 380 77 412 146 1249 0 0 1 "person"
1 378 77 412 150 1250 0 0 1 "person"
1 376 77 412 154 1251 0 0 1 "person"
1 374 77 412 157 1252 0 0 1 "person"
1 372 77 412 161 1253 0 0 1 "person"
1 370 77 412 165 1254 0 0 1 "person"
1 369 77 412 169 1255 0 0 0 "person"
1 370 78 413 170 1256 0 0 1 "person"
1 371 79 414 171 1257 0 0 1 "person"
1 373 81 416 173 1258 0 0 1 "person"
1 374 82 417 174 1259 0 0 1 "person"
1 376 84 419 176 1260 0 0 0 "person"
1 375 87 418 179 1261 0 0 1 "person"
1 375 91 418 183 1262 0 0 1 "person"
1 375 95 418 187 1263 0 0 1 "person"
1 375 98 418 190 1264 0 0 1 "person"
1 374 102 417 194 1265 0 0 1 "person"
1 374 106 417 198 1266 0 0 1 "person"
1 374 109 417 201 1267 0 0 1 "person"
1 374 113 417 205 1268 0 0 1 "person"
1 374 117 417 209 1269 0 0 1 "person"
1 373 120 416 212 1270 0 0 1 "person"
1 373 124 416 216 1271 0 0 1 "person"
1 373 128 416 220 1272 0 0 1 "person"
1 373 131 416 223 1273 0 0 1 "person"
1 372 135 415 227 1274 0 0 1 "person"
1 372 139 415 231 1275 0 0 1 "person"
1 372 142 415 234 1276 0 0 1 "person"
1 372 146 415 238 1277 0 0 1 "person"
1 372 150 415 242 1278 0 0 0 "person"
1 373 157 416 249 1279 0 0 1 "person"
1 375 164 418 256 1280 0 0 1 "person"
1 376 171 419 263 1281 0 0 1 "person"
1 378 178 421 270 1282 0 0 0 "person"
1 379 181 422 273 1283 0 0 1 "person"
1 381 184 424 276 1284 0 0 1 "person"
1 383 187 426 279 1285 0 0 1 "person"
1 385 191 428 283 1286 0 0 0 "person"
1 372 199 432 279 1287 0 0 1 "person"
1 359 207 437 275 1288 0 0 1 "person"
1 347 215 442 272 1289 0 0 0 "person"
1 347 222 442 279 1290 0 0 1 "person"
1 347 230 442 287 1291 0 0 1 "person"
1 347 238 442 295 1292 0 0 1 "person"
1 347 246 442 303 1293 0 0 0 "person"
1 346 249 441 306 1294 0 0 1 "person"
1 345 253 440 310 1295 0 0 1 "person"
1 344 257 439 314 1296 0 0 1 "person"
1 344 261 439 318 1297 0 0 1 "person"
1 343 265 438 322 1298 0 0 1 "person"
1 342 268 437 325 1299 0 0 1 "person"
1 341 272 436 329 1300 0 0 1 "person"
1 341 276 436 333 1301 0 0 1 "person"
1 340 280 435 337 1302 0 0 1 "person"
1 339 284 434 341 1303 0 0 1 "person"
1 339 288 434 345 1304 0 0 0 "person"
1 338 291 433 348 1305 0 0 1 "person"
1 338 295 433 352 1306 0 0 1 "person"
1 338 298 433 355 1307 0 0 1 "person"
1 338 302 433 359 1308 0 0 0 "person"
1 337 304 432 361 1309 0 0 1 "person"
1 336 307 431 364 1310 0 0 1 "person"
1 335 309 430 366 1311 0 0 1 "person"
1 334 312 429 369 1312 0 0 1 "person"
1 333 314 428 371 1313 0 0 1 "person"
1 332 317 427 374 1314 0 0 1 "person"
1 332 320 427 377 1315 0 0 0 "person"
1 329 326 424 383 1316 0 0 1 "person"
1 326 332 421 389 1317 0 0 1 "person"
1 323 338 418 395 1318 0 0 1 "person"
1 321 344 416 401 1319 0 0 0 "person"
1 321 344 410 402 1320 0 0 1 "person"
1 321 344 405 403 1321 0 0 1 "person"
1 321 344 400 404 1322 0 0 1 "person"
1 321 344 395 405 1323 0 0 1 "person"
1 321 344 389 406 1324 0 0 1 "person"
1 321 344 384 407 1325 0 0 1 "person"
1 321 344 379 408 1326 0 0 1 "person"
1 321 344 374 409 1327 0 0 1 "person"
1 321 344 369 411 1328 0 0 0 "person"
1 319 346 367 413 1329 0 0 1 "person"
1 317 348 365 415 1330 0 0 1 "person"
1 316 351 364 418 1331 0 0 1 "person"
1 314 353 362 420 1332 0 0 1 "person"
1 312 355 360 422 1333 0 0 1 "person"
1 311 358 359 425 1334 0 0 1 "person"
1 309 360 357 427 1335 0 0 1 "person"
1 307 362 355 429 1336 0 0 1 "person"
1 306 365 354 432 1337 0 0 0 "person"
1 304 365 352 432 1338 0 0 1 "person"
1 302 365 350 432 1339 0 0 1 "person"
1 300 366 348 433 1340 0 0 1 "person"
1 298 366 346 433 1341 0 0 1 "person"
1 296 367 344 434 1342 0 0 1 "person"
1 294 367 342 434 1343 0 0 1 "person"
1 292 368 340 435 1344 0 0 1 "person"
1 290 368 338 435 1345 0 0 1 "person"
1 289 369 337 436 1346 0 0 0 "person"
1 286 370 334 437 1347 0 0 1 "person"
1 283 371 331 438 1348 0 0 1 "person"
1 280 372 328 439 1349 0 0 1 "person"
1 278 374 326 441 1350 0 0 1 "person"
1 275 375 323 442 1351 0 0 1 "person"
1 272 376 320 443 1352 0 0 1 "person"
1 269 377 317 444 1353 0 0 1 "person"
1 267 379 315 446 1354 0 0 0 "person"
1 264 379 312 446 1355 0 0 1 "person"
1 262 380 310 447 1356 0 0 1 "person"
1 260 381 308 448 1357 0 0 1 "person"
1 258 382 306 449 1358 0 0 1 "person"
1 256 383 304 450 1359 0 0 1 "person"
1 254 384 302 451 1360 0 0 1 "person"
1 252 385 300 452 1361 0 0 0 "person"
1 249 385 297 452 1362 0 0 1 "person"
1 246 385 294 452 1363 0 0 1 "person"
1 243 385 291 452 1364 0 0 1 "person"
1 241 385 289 452 1365 0 0 1 "person"
1 238 385 286 452 1366 0 0 1 "person"
1 235 385 283 452 1367 0 0 1 "person"
1 232 385 280 452 1368 0 0 1 "person"
1 230 385 278 452 1369 0 0 1 "person"
1 227 385 275 452 1370 0 0 1 "person"
1 224 385 272 452 1371 0 0 1 "person"
1 221 385 269 452 1372 0 0 1 "person"
1 219 385 267 452 1373 0 0 1 "person"
1 216 385 264 452 1374 0 0 1 "person"
1 213 385 261 452 1375 0 0 1 "person"
1 211 385 259 452 1376 0 0 0 "person"
1 209 384 257 451 1377 0 0 1 "person"
1 208 384 256 451 1378 0 0 1 "person"
1 206 384 254 451 1379 0 0 1 "person"
1 205 384 253 451 1380 0 0 1 "person"
1 203 384 251 451 1381 0 0 1 "person"
1 202 384 250 451 1382 0 0 1 "person"
1 200 384 248 451 1383 0 0 1 "person"
1 199 384 247 451 1384 0 0 1 "person"
1 197 384 245 451 1385 0 0 1 "person"
1 196 384 244 451 1386 0 0 1 "person"
1 194 384 242 451 1387 0 0 1 "person"
1 193 384 241 451 1388 0 0 1 "person"
1 191 384 239 451 1389 0 0 1 "person"
1 190 384 238 451 1390 0 0 1 "person"
1 189 384 237 451 1391 0 0 0 "person"
1 187 383 235 450 1392 0 0 1 "person"
1 186 382 234 449 1393 0 0 1 "person"
1 185 382 233 449 1394 0 0 1 "person"
1 184 381 232 448 1395 0 0 1 "person"
1 183 381 231 448 1396 0 0 1 "person"
1 182 380 230 447 1397 0 0 1 "person"
1 181 380 229 447 1398 0 0 1 "person"
1 180 379 228 446 1399 0 0 1 "person"
1 179 379 227 446 1400 0 0 1 "person"
1 178 378 226 445 1401 0 0 1 "person"
1 177 378 225 445 1402 0 0 1 "person"
1 175 377 223 444 1403 0 0 1 "person"
1 174 377 222 444 1404 0 0 1 "person"
1 173 376 221 443 1405 0 0 1 "person"
1 172 376 220 443 1406 0 0 1 "person"
1 171 375 219 442 1407 0 0 1 "person"
1 170 375 218 442 1408 0 0 1 "person"
1 169 374 217 441 1409 0 0 1 "person"
1 168 374 216 441 1410 0 0 1 "person"
1 167 373 215 440 1411 0 0 1 "person"
1 166 373 214 440 1412 0 0 1 "person"
1 165 372 213 439 1413 0 0 1 "person"
1 164 372 212 439 1414 0 0 0 "person"
1 162 371 210 438 1415 0 0 1 "person"
1 160 371 208 438 1416 0 0 1 "person"
1 158 371 206 438 1417 0 0 1 "person"
1 156 371 204 438 1418 0 0 1 "person"
1 154 370 202 437 1419 0 0 1 "person"
1 152 370 200 437 1420 0 0 1 "person"
1 150 370 198 437 1421 0 0 1 "person"
1 149 370 197 437 1422 0 0 1 "person"
1 147 369 195 436 1423 0 0 1 "person"
1 145 369 193 436 1424 0 0 1 "person"
1 143 369 191 436 1425 0 0 1 "person"
1 141 369 189 436 1426 0 0 1 "person"
1 139 368 187 435 1427 0 0 1 "person"
1 137 368 185 435 1428 0 0 1 "person"
1 135 368 183 435 1429 0 0 1 "person"
1 134 368 182 435 1430 0 0 0 "person"
1 132 366 180 432 1431 0 0 1 "person"
1 130 364 178 429 1432 0 0 1 "person"
1 128 362 176 427 1433 0 0 1 "person"
1 126 360 174 424 1434 0 0 1 "person"
1 124 358 172 422 1435 0 0 1 "person"
1 122 356 170 419 1436 0 0 1 "person"
1 121 355 168 417 1437 0 0 1 "person"
1 119 353 166 414 1438 0 0 1 "person"
1 117 351 164 412 1439 0 0 1 "person"
1 115 349 162 409 1440 0 0 1 "person"
1 113 347 160 406 1441 0 0 1 "person"
1 111 345 158 404 1442 0 0 1 "person"
1 109 343 156 401 1443 0 0 1 "person"
1 108 342 154 399 1444 0 0 1 "person"
1 106 340 152 396 1445 0 0 1 "person"
1 104 338 150 394 1446 0 0 1 "person"
1 102 336 148 391 1447 0 0 1 "person"
1 100 334 146 389 1448 0 0 1 "person"
1 98 332 144 386 1449 0 0 1 "person"
1 97 331 143 384 1450 0 0 0 "person"
1 97 329 143 382 1451 0 0 1 "person"
1 97 328 143 381 1452 0 0 1 "person"
1 97 326 143 379 1453 0 0 1 "person"
1 97 325 143 378 1454 0 0 1 "person"
1 97 324 143 377 1455 0 0 1 "person"
1 97 322 143 375 1456 0 0 1 "person"
1 97 321 143 374 1457 0 0 1 "person"
1 97 320 143 373 1458 0 0 0 "person"
1 96 317 142 370 1459 0 0 1 "person"
1 95 315 141 368 1460 0 0 1 "person"
1 94 312 140 365 1461 0 0 1 "person"
1 93 310 139 363 1462 0 0 1 "person"
1 92 307 138 360 1463 0 0 1 "person"
1 91 305 137 358 1464 0 0 1 "person"
1 90 303 136 356 1465 0 0 1 "person"
1 89 300 135 353 1466 0 0 1 "person"
1 88 298 134 351 1467 0 0 1 "person"
1 87 295 133 348 1468 0 0 1 "person"
1 86 293 132 346 1469 0 0 1 "person"
1 85 291 131 344 1470 0 0 1 "person"
1 84 288 130 341 1471 0 0 1 "person"
1 83 286 129 339 1472 0 0 1 "person"
1 82 283 128 336 1473 0 0 1 "person"
1 81 281 127 334 1474 0 0 1 "person"
1 81 279 127 332 1475 0 0 0 "person"
1 80 272 126 325 1476 0 0 1 "person"
1 80 266 126 319 1477 0 0 1 "person"
1 80 260 126 313 1478 0 0 1 "person"
1 79 253 125 306 1479 0 0 1 "person"
1 79 247 125 300 1480 0 0 1 "person"
1 79 241 125 294 1481 0 0 1 "person"
1 79 235 125 288 1482 0 0 1 "person"
1 78 228 124 281 1483 0 0 1 "person"
1 78 222 124 275 1484 0 0 1 "person"
1 78 216 124 269 1485 0 0 1 "person"
1 78 210 124 263 1486 0 0 0 "person"
1 79 204 125 257 1487 0 0 1 "person"
1 81 198 127 251 1488 0 0 1 "person"
1 82 192 128 245 1489 0 0 1 "person"
1 84 187 130 240 1490 0 0 1 "person"
1 86 181 132 234 1491 0 0 1 "person"
1 87 175 133 228 1492 0 0 1 "person"
1 89 169 135 222 1493 0 0 1 "person"
1 91 164 137 217 1494 0 0 1 "person"
1 92 158 138 211 1495 0 0 1 "person"
1 94 152 140 205 1496 0 0 1 "person"
1 96 147 142 200 1497 0 0 0 "person"
1 97 141 143 194 1498 0 0 1 "person"
1 99 135 145 188 1499 0 0 1 "person"
1 100 129 146 182 1500 0 0 1 "person"
1 102 123 148 176 1501 0 0 1 "person"
1 103 117 149 170 1502 0 0 1 "person"
1 105 112 151 165 1503 0 0 1 "person"
1 106 106 152 159 1504 0 0 1 "person"
1 108 100 154 153 1505 0 0 1 "person"
1 110 94 156 147 1506 0 0 1 "person"
1 111 88 157 141 1507 0 0 1 "person"
1 113 83 159 136 1508 0 0 1 "person"
1 114 77 160 130 1509 0 0 1 "person"
1 116 71 162 124 1510 0 0 1 "person"
1 117 65 163 118 1511 0 0 1 "person"
1 119 59 165 112 1512 0 0 1 "person"
1 121 54 167 107 1513 0 0 0 "person"
1 123 51 169 104 1514 0 0 1 "person"
1 126 48 172 101 1515 0 0 1 "person"
1 129 46 175 99 1516 0 0 1 "person"
1 132 43 178 96 1517 0 0 1 "person"
1 135 40 181 93 1518 0 0 1 "person"
1 138 38 184 91 1519 0 0 0 "person"
1 138 38 184 91 1520 0 0 1 "person"
1 138 38 184 91 1521 0 0 0 "person"
